,Time,Open,High,Low,Close,Volume,Date
0,1581346800000,6.08e-06,6.09e-06,6.04e-06,6.09e-06,38436.0,2020-02-10 15:00:00
1,1581343200000,6.02e-06,6.12e-06,6.01e-06,6.08e-06,127233.0,2020-02-10 14:00:00
2,1581339600000,6.03e-06,6.05e-06,6e-06,6e-06,39554.0,2020-02-10 13:00:00
3,1581336000000,6.08e-06,6.12e-06,5.99e-06,6.03e-06,259177.0,2020-02-10 12:00:00
4,1581332400000,6.04e-06,6.16e-06,6.04e-06,6.08e-06,308145.0,2020-02-10 11:00:00
5,1581328800000,6.01e-06,6.07e-06,6e-06,6.05e-06,129472.0,2020-02-10 10:00:00
6,1581325200000,5.93e-06,6.09e-06,5.9e-06,6e-06,234562.0,2020-02-10 09:00:00
7,1581321600000,5.95e-06,6.03e-06,5.94e-06,5.94e-06,94540.0,2020-02-10 08:00:00
8,1581318000000,5.79e-06,5.99e-06,5.79e-06,5.95e-06,549854.0,2020-02-10 07:00:00
9,1581314400000,5.77e-06,5.79e-06,5.74e-06,5.79e-06,35842.0,2020-02-10 06:00:00
10,1581310800000,5.79e-06,5.83e-06,5.77e-06,5.77e-06,36707.0,2020-02-10 05:00:00
11,1581307200000,5.72e-06,5.82e-06,5.71e-06,5.78e-06,144797.0,2020-02-10 04:00:00
12,1581303600000,5.65e-06,5.73e-06,5.65e-06,5.72e-06,30484.0,2020-02-10 03:00:00
13,1581300000000,5.68e-06,5.68e-06,5.59e-06,5.64e-06,207307.0,2020-02-10 02:00:00
14,1581296400000,5.69e-06,5.69e-06,5.65e-06,5.67e-06,31118.0,2020-02-10 01:00:00
15,1581292800000,5.69e-06,5.69e-06,5.66e-06,5.69e-06,28580.0,2020-02-10 00:00:00
16,1581289200000,5.69e-06,5.71e-06,5.68e-06,5.7e-06,11227.0,2020-02-09 23:00:00
17,1581285600000,5.76e-06,5.84e-06,5.64e-06,5.68e-06,362438.0,2020-02-09 22:00:00
18,1581282000000,5.61e-06,5.76e-06,5.6e-06,5.76e-06,443912.0,2020-02-09 21:00:00
19,1581278400000,5.59e-06,5.61e-06,5.59e-06,5.61e-06,27208.0,2020-02-09 20:00:00
20,1581274800000,5.6e-06,5.6e-06,5.59e-06,5.59e-06,871.0,2020-02-09 19:00:00
21,1581271200000,5.57e-06,5.6e-06,5.56e-06,5.59e-06,4318.0,2020-02-09 18:00:00
22,1581267600000,5.6e-06,5.6e-06,5.57e-06,5.57e-06,31029.0,2020-02-09 17:00:00
23,1581264000000,5.62e-06,5.65e-06,5.6e-06,5.6e-06,7906.0,2020-02-09 16:00:00
24,1581260400000,5.64e-06,5.66e-06,5.61e-06,5.64e-06,20156.0,2020-02-09 15:00:00
25,1581256800000,5.63e-06,5.66e-06,5.63e-06,5.64e-06,4660.0,2020-02-09 14:00:00
26,1581253200000,5.56e-06,5.67e-06,5.54e-06,5.63e-06,128429.0,2020-02-09 13:00:00
27,1581249600000,5.56e-06,5.58e-06,5.54e-06,5.56e-06,24301.0,2020-02-09 12:00:00
28,1581246000000,5.56e-06,5.57e-06,5.53e-06,5.55e-06,71691.0,2020-02-09 11:00:00
29,1581242400000,5.55e-06,5.57e-06,5.53e-06,5.56e-06,4363.0,2020-02-09 10:00:00
30,1581238800000,5.53e-06,5.56e-06,5.53e-06,5.55e-06,6139.0,2020-02-09 09:00:00
31,1581235200000,5.53e-06,5.55e-06,5.52e-06,5.53e-06,44069.0,2020-02-09 08:00:00
32,1581231600000,5.57e-06,5.57e-06,5.53e-06,5.53e-06,163013.0,2020-02-09 07:00:00
33,1581228000000,5.55e-06,5.62e-06,5.55e-06,5.6e-06,176338.0,2020-02-09 06:00:00
34,1581224400000,5.58e-06,5.6e-06,5.55e-06,5.55e-06,41458.0,2020-02-09 05:00:00
35,1581220800000,5.58e-06,5.59e-06,5.53e-06,5.58e-06,69264.0,2020-02-09 04:00:00
36,1581217200000,5.59e-06,5.59e-06,5.57e-06,5.58e-06,46423.0,2020-02-09 03:00:00
37,1581210000000,5.54e-06,5.59e-06,5.54e-06,5.58e-06,35284.0,2020-02-09 01:00:00
38,1581206400000,5.61e-06,5.61e-06,5.52e-06,5.54e-06,142906.0,2020-02-09 00:00:00
39,1581202800000,5.61e-06,5.62e-06,5.58e-06,5.6e-06,16757.0,2020-02-08 23:00:00
40,1581199200000,5.58e-06,5.62e-06,5.58e-06,5.62e-06,68480.0,2020-02-08 22:00:00
41,1581195600000,5.6e-06,5.63e-06,5.59e-06,5.59e-06,59829.0,2020-02-08 21:00:00
42,1581192000000,5.65e-06,5.65e-06,5.6e-06,5.6e-06,52189.0,2020-02-08 20:00:00
43,1581188400000,5.64e-06,5.66e-06,5.64e-06,5.64e-06,2000.0,2020-02-08 19:00:00
44,1581184800000,5.66e-06,5.67e-06,5.62e-06,5.64e-06,40150.0,2020-02-08 18:00:00
45,1581181200000,5.72e-06,5.73e-06,5.62e-06,5.62e-06,175360.0,2020-02-08 17:00:00
46,1581177600000,5.76e-06,5.76e-06,5.67e-06,5.72e-06,170770.0,2020-02-08 16:00:00
47,1581174000000,5.78e-06,5.79e-06,5.75e-06,5.75e-06,20681.0,2020-02-08 15:00:00
48,1581170400000,5.8e-06,5.81e-06,5.77e-06,5.79e-06,17581.0,2020-02-08 14:00:00
49,1581166800000,5.82e-06,5.82e-06,5.77e-06,5.81e-06,14881.0,2020-02-08 13:00:00
50,1581163200000,5.76e-06,5.82e-06,5.76e-06,5.79e-06,31122.0,2020-02-08 12:00:00
51,1581159600000,5.79e-06,5.8e-06,5.75e-06,5.79e-06,25974.0,2020-02-08 11:00:00
52,1581156000000,5.74e-06,5.81e-06,5.72e-06,5.81e-06,157955.0,2020-02-08 10:00:00
53,1581152400000,5.73e-06,5.75e-06,5.72e-06,5.72e-06,62823.0,2020-02-08 09:00:00
54,1581148800000,5.7e-06,5.75e-06,5.7e-06,5.74e-06,72981.0,2020-02-08 08:00:00
55,1581145200000,5.71e-06,5.73e-06,5.67e-06,5.68e-06,3268.0,2020-02-08 07:00:00
56,1581141600000,5.68e-06,5.71e-06,5.68e-06,5.71e-06,5110.0,2020-02-08 06:00:00
57,1581138000000,5.67e-06,5.72e-06,5.64e-06,5.68e-06,41601.0,2020-02-08 05:00:00
58,1581134400000,5.62e-06,5.67e-06,5.62e-06,5.67e-06,14484.0,2020-02-08 04:00:00
59,1581130800000,5.63e-06,5.65e-06,5.62e-06,5.62e-06,26351.0,2020-02-08 03:00:00
60,1581127200000,5.67e-06,5.67e-06,5.63e-06,5.63e-06,18488.0,2020-02-08 02:00:00
61,1581123600000,5.63e-06,5.65e-06,5.62e-06,5.65e-06,43653.0,2020-02-08 01:00:00
62,1581120000000,5.66e-06,5.68e-06,5.62e-06,5.63e-06,46464.0,2020-02-08 00:00:00
63,1581116400000,5.67e-06,5.68e-06,5.65e-06,5.66e-06,13129.0,2020-02-07 23:00:00
64,1581112800000,5.67e-06,5.69e-06,5.67e-06,5.67e-06,8003.0,2020-02-07 22:00:00
65,1581109200000,5.68e-06,5.72e-06,5.67e-06,5.67e-06,60606.0,2020-02-07 21:00:00
66,1581105600000,5.7e-06,5.71e-06,5.67e-06,5.68e-06,15835.0,2020-02-07 20:00:00
67,1581102000000,5.67e-06,5.7e-06,5.65e-06,5.7e-06,23789.0,2020-02-07 19:00:00
68,1581098400000,5.7e-06,5.7e-06,5.62e-06,5.67e-06,326664.0,2020-02-07 18:00:00
69,1581094800000,5.69e-06,5.74e-06,5.67e-06,5.7e-06,66082.0,2020-02-07 17:00:00
70,1581091200000,5.66e-06,5.72e-06,5.63e-06,5.69e-06,125825.0,2020-02-07 16:00:00
71,1581087600000,5.66e-06,5.67e-06,5.66e-06,5.66e-06,1707.0,2020-02-07 15:00:00
72,1581084000000,5.66e-06,5.67e-06,5.64e-06,5.66e-06,11332.0,2020-02-07 14:00:00
73,1581080400000,5.66e-06,5.68e-06,5.64e-06,5.64e-06,10627.0,2020-02-07 13:00:00
74,1581076800000,5.66e-06,5.68e-06,5.64e-06,5.66e-06,48553.0,2020-02-07 12:00:00
75,1581073200000,5.7e-06,5.72e-06,5.64e-06,5.64e-06,68139.0,2020-02-07 11:00:00
76,1581069600000,5.73e-06,5.74e-06,5.66e-06,5.72e-06,109715.0,2020-02-07 10:00:00
77,1581066000000,5.74e-06,5.75e-06,5.68e-06,5.7e-06,130700.0,2020-02-07 09:00:00
78,1581062400000,5.71e-06,5.77e-06,5.7e-06,5.72e-06,82306.0,2020-02-07 08:00:00
79,1581058800000,5.69e-06,5.71e-06,5.67e-06,5.71e-06,74708.0,2020-02-07 07:00:00
80,1581055200000,5.71e-06,5.71e-06,5.69e-06,5.7e-06,11018.0,2020-02-07 06:00:00
81,1581051600000,5.7e-06,5.71e-06,5.7e-06,5.71e-06,13928.0,2020-02-07 05:00:00
82,1581048000000,5.67e-06,5.71e-06,5.67e-06,5.7e-06,16078.0,2020-02-07 04:00:00
83,1581044400000,5.71e-06,5.72e-06,5.68e-06,5.69e-06,2330.0,2020-02-07 03:00:00
84,1581040800000,5.73e-06,5.74e-06,5.67e-06,5.71e-06,60611.0,2020-02-07 02:00:00
85,1581037200000,5.73e-06,5.73e-06,5.71e-06,5.73e-06,2217.0,2020-02-07 01:00:00
86,1581033600000,5.7e-06,5.73e-06,5.7e-06,5.73e-06,11346.0,2020-02-07 00:00:00
87,1581030000000,5.71e-06,5.72e-06,5.7e-06,5.7e-06,10088.0,2020-02-06 23:00:00
88,1581026400000,5.69e-06,5.71e-06,5.65e-06,5.7e-06,101833.0,2020-02-06 22:00:00
89,1581022800000,5.68e-06,5.69e-06,5.67e-06,5.68e-06,10724.0,2020-02-06 21:00:00
90,1581019200000,5.71e-06,5.73e-06,5.64e-06,5.67e-06,119824.0,2020-02-06 20:00:00
91,1581015600000,5.73e-06,5.75e-06,5.7e-06,5.71e-06,34803.0,2020-02-06 19:00:00
92,1581012000000,5.75e-06,5.78e-06,5.69e-06,5.73e-06,230232.0,2020-02-06 18:00:00
93,1581008400000,5.73e-06,5.76e-06,5.73e-06,5.76e-06,25836.0,2020-02-06 17:00:00
94,1581004800000,5.75e-06,5.75e-06,5.7e-06,5.73e-06,53217.0,2020-02-06 16:00:00
95,1581001200000,5.75e-06,5.76e-06,5.72e-06,5.75e-06,7709.0,2020-02-06 15:00:00
96,1580997600000,5.73e-06,5.75e-06,5.69e-06,5.75e-06,16296.0,2020-02-06 14:00:00
97,1580994000000,5.74e-06,5.77e-06,5.7e-06,5.74e-06,82257.0,2020-02-06 13:00:00
98,1580990400000,5.78e-06,5.81e-06,5.74e-06,5.74e-06,105168.0,2020-02-06 12:00:00
99,1580986800000,5.75e-06,5.8e-06,5.75e-06,5.77e-06,56171.0,2020-02-06 11:00:00
100,1580983200000,5.74e-06,5.79e-06,5.73e-06,5.78e-06,159332.0,2020-02-06 10:00:00
101,1580979600000,5.72e-06,5.74e-06,5.7e-06,5.71e-06,83598.0,2020-02-06 09:00:00
102,1580976000000,5.66e-06,5.74e-06,5.66e-06,5.72e-06,97325.0,2020-02-06 08:00:00
103,1580972400000,5.69e-06,5.72e-06,5.65e-06,5.67e-06,131390.0,2020-02-06 07:00:00
104,1580968800000,5.7e-06,5.72e-06,5.67e-06,5.67e-06,54911.0,2020-02-06 06:00:00
105,1580965200000,5.65e-06,5.71e-06,5.65e-06,5.7e-06,103907.0,2020-02-06 05:00:00
106,1580961600000,5.64e-06,5.68e-06,5.63e-06,5.67e-06,54640.0,2020-02-06 04:00:00
107,1580958000000,5.67e-06,5.67e-06,5.61e-06,5.65e-06,56891.0,2020-02-06 03:00:00
108,1580954400000,5.65e-06,5.67e-06,5.65e-06,5.67e-06,1728.0,2020-02-06 02:00:00
109,1580950800000,5.68e-06,5.69e-06,5.63e-06,5.69e-06,126148.0,2020-02-06 01:00:00
110,1580947200000,5.68e-06,5.69e-06,5.66e-06,5.68e-06,16670.0,2020-02-06 00:00:00
111,1580943600000,5.61e-06,5.68e-06,5.58e-06,5.68e-06,56326.0,2020-02-05 23:00:00
112,1580940000000,5.62e-06,5.63e-06,5.58e-06,5.62e-06,22475.0,2020-02-05 22:00:00
113,1580936400000,5.58e-06,5.62e-06,5.58e-06,5.62e-06,33584.0,2020-02-05 21:00:00
114,1580932800000,5.62e-06,5.62e-06,5.58e-06,5.58e-06,18124.0,2020-02-05 20:00:00
115,1580929200000,5.61e-06,5.63e-06,5.59e-06,5.62e-06,43442.0,2020-02-05 19:00:00
116,1580925600000,5.69e-06,5.72e-06,5.6e-06,5.61e-06,132672.0,2020-02-05 18:00:00
117,1580922000000,5.7e-06,5.7e-06,5.62e-06,5.69e-06,204815.0,2020-02-05 17:00:00
118,1580918400000,5.73e-06,5.73e-06,5.65e-06,5.69e-06,340005.0,2020-02-05 16:00:00
119,1580914800000,5.74e-06,5.78e-06,5.69e-06,5.73e-06,90229.0,2020-02-05 15:00:00
120,1580911200000,5.71e-06,5.75e-06,5.68e-06,5.74e-06,77308.0,2020-02-05 14:00:00
121,1580907600000,5.71e-06,5.75e-06,5.67e-06,5.67e-06,158475.0,2020-02-05 13:00:00
122,1580904000000,5.73e-06,5.73e-06,5.66e-06,5.71e-06,138795.0,2020-02-05 12:00:00
123,1580900400000,5.86e-06,5.86e-06,5.69e-06,5.73e-06,458943.0,2020-02-05 11:00:00
124,1580896800000,6.11e-06,6.12e-06,5.83e-06,5.84e-06,333835.0,2020-02-05 10:00:00
125,1580893200000,6.07e-06,6.11e-06,6.07e-06,6.11e-06,29216.0,2020-02-05 09:00:00
126,1580889600000,6.03e-06,6.08e-06,6.02e-06,6.08e-06,22116.0,2020-02-05 08:00:00
127,1580886000000,6.03e-06,6.07e-06,6.03e-06,6.03e-06,7026.0,2020-02-05 07:00:00
128,1580882400000,6.03e-06,6.03e-06,6e-06,6e-06,6217.0,2020-02-05 06:00:00
129,1580878800000,6.06e-06,6.06e-06,6.01e-06,6.03e-06,7754.0,2020-02-05 05:00:00
130,1580875200000,6.06e-06,6.07e-06,6.02e-06,6.07e-06,9956.0,2020-02-05 04:00:00
131,1580871600000,6.05e-06,6.05e-06,6.03e-06,6.05e-06,27409.0,2020-02-05 03:00:00
132,1580868000000,6.08e-06,6.08e-06,6.05e-06,6.07e-06,4483.0,2020-02-05 02:00:00
133,1580864400000,6.08e-06,6.09e-06,6.06e-06,6.07e-06,28226.0,2020-02-05 01:00:00
134,1580860800000,6.07e-06,6.08e-06,6.07e-06,6.08e-06,8809.0,2020-02-05 00:00:00
135,1580857200000,6.09e-06,6.15e-06,6.04e-06,6.08e-06,123004.0,2020-02-04 23:00:00
136,1580853600000,6.07e-06,6.12e-06,6.07e-06,6.09e-06,28797.0,2020-02-04 22:00:00
137,1580850000000,6.07e-06,6.07e-06,6.02e-06,6.05e-06,6648.0,2020-02-04 21:00:00
138,1580846400000,6.08e-06,6.14e-06,6.02e-06,6.02e-06,140814.0,2020-02-04 20:00:00
139,1580842800000,6.09e-06,6.12e-06,6.07e-06,6.08e-06,95902.0,2020-02-04 19:00:00
140,1580839200000,6.03e-06,6.11e-06,6.02e-06,6.07e-06,27463.0,2020-02-04 18:00:00
141,1580835600000,6.04e-06,6.05e-06,6.02e-06,6.03e-06,51010.0,2020-02-04 17:00:00
142,1580832000000,6.06e-06,6.06e-06,6.04e-06,6.04e-06,15927.0,2020-02-04 16:00:00
143,1580828400000,6.04e-06,6.08e-06,6.03e-06,6.03e-06,137049.0,2020-02-04 15:00:00
144,1580824800000,6.02e-06,6.05e-06,6.01e-06,6.05e-06,72284.0,2020-02-04 14:00:00
145,1580821200000,5.99e-06,6.03e-06,5.97e-06,6.03e-06,22879.0,2020-02-04 13:00:00
146,1580817600000,6.03e-06,6.03e-06,6e-06,6.03e-06,8796.0,2020-02-04 12:00:00
147,1580814000000,6.05e-06,6.06e-06,6.01e-06,6.04e-06,55386.0,2020-02-04 11:00:00
148,1580810400000,6.02e-06,6.05e-06,6.01e-06,6.05e-06,50342.0,2020-02-04 10:00:00
149,1580806800000,6.02e-06,6.04e-06,5.96e-06,5.96e-06,69831.0,2020-02-04 09:00:00
150,1580803200000,6.01e-06,6.03e-06,5.96e-06,6.02e-06,196016.0,2020-02-04 08:00:00
151,1580799600000,5.99e-06,6.05e-06,5.96e-06,6.03e-06,242542.0,2020-02-04 07:00:00
152,1580796000000,5.95e-06,5.99e-06,5.94e-06,5.95e-06,11425.0,2020-02-04 06:00:00
153,1580792400000,5.99e-06,6.02e-06,5.94e-06,5.94e-06,51556.0,2020-02-04 05:00:00
154,1580788800000,5.98e-06,6.02e-06,5.98e-06,6.02e-06,5512.0,2020-02-04 04:00:00
155,1580785200000,6.03e-06,6.03e-06,5.98e-06,6.03e-06,42281.0,2020-02-04 03:00:00
156,1580781600000,6.03e-06,6.07e-06,6.02e-06,6.03e-06,40751.0,2020-02-04 02:00:00
157,1580778000000,6.03e-06,6.07e-06,6e-06,6.07e-06,6343.0,2020-02-04 01:00:00
158,1580774400000,6e-06,6.03e-06,6e-06,6.03e-06,8930.0,2020-02-04 00:00:00
159,1580770800000,6.03e-06,6.03e-06,5.98e-06,6.01e-06,171505.0,2020-02-03 23:00:00
160,1580767200000,6.06e-06,6.07e-06,6.01e-06,6.04e-06,28838.0,2020-02-03 22:00:00
161,1580763600000,6.05e-06,6.05e-06,6e-06,6.02e-06,18271.0,2020-02-03 21:00:00
162,1580760000000,6.05e-06,6.07e-06,6.01e-06,6.05e-06,37759.0,2020-02-03 20:00:00
163,1580756400000,6.02e-06,6.06e-06,6.01e-06,6.05e-06,18854.0,2020-02-03 19:00:00
164,1580752800000,6.04e-06,6.07e-06,6.02e-06,6.02e-06,56450.0,2020-02-03 18:00:00
165,1580749200000,6.06e-06,6.07e-06,6.04e-06,6.04e-06,6353.0,2020-02-03 17:00:00
166,1580745600000,6.06e-06,6.07e-06,6.03e-06,6.07e-06,64687.0,2020-02-03 16:00:00
167,1580742000000,6.06e-06,6.07e-06,6.04e-06,6.06e-06,44313.0,2020-02-03 15:00:00
168,1580738400000,6.1e-06,6.13e-06,6.03e-06,6.03e-06,45583.0,2020-02-03 14:00:00
169,1580734800000,6.09e-06,6.14e-06,6.07e-06,6.14e-06,37491.0,2020-02-03 13:00:00
170,1580731200000,6.07e-06,6.13e-06,6.07e-06,6.1e-06,21902.0,2020-02-03 12:00:00
171,1580727600000,6.09e-06,6.13e-06,6.09e-06,6.09e-06,11572.0,2020-02-03 11:00:00
172,1580724000000,6.16e-06,6.17e-06,6.08e-06,6.08e-06,48810.0,2020-02-03 10:00:00
173,1580720400000,6.12e-06,6.18e-06,6.11e-06,6.12e-06,26909.0,2020-02-03 09:00:00
174,1580716800000,6.12e-06,6.19e-06,6.12e-06,6.12e-06,44014.0,2020-02-03 08:00:00
175,1580713200000,6.16e-06,6.16e-06,6.11e-06,6.12e-06,67604.0,2020-02-03 07:00:00
176,1580709600000,6.15e-06,6.16e-06,6.07e-06,6.16e-06,129450.0,2020-02-03 06:00:00
177,1580706000000,6.19e-06,6.2e-06,6.12e-06,6.12e-06,17820.0,2020-02-03 05:00:00
178,1580702400000,6.13e-06,6.19e-06,6.13e-06,6.19e-06,2455.0,2020-02-03 04:00:00
179,1580698800000,6.19e-06,6.2e-06,6.12e-06,6.13e-06,51537.0,2020-02-03 03:00:00
180,1580695200000,6.07e-06,6.19e-06,6.07e-06,6.19e-06,39294.0,2020-02-03 02:00:00
181,1580691600000,6.27e-06,6.27e-06,6.03e-06,6.03e-06,215092.0,2020-02-03 01:00:00
182,1580688000000,6.11e-06,6.29e-06,6.06e-06,6.23e-06,170044.0,2020-02-03 00:00:00
183,1580684400000,6.22e-06,6.22e-06,6.06e-06,6.08e-06,201917.0,2020-02-02 23:00:00
184,1580680800000,6.08e-06,6.29e-06,6.07e-06,6.23e-06,265205.0,2020-02-02 22:00:00
185,1580677200000,6.09e-06,6.1e-06,6.05e-06,6.06e-06,176931.0,2020-02-02 21:00:00
186,1580673600000,5.87e-06,6.09e-06,5.81e-06,6.09e-06,637671.0,2020-02-02 20:00:00
187,1580670000000,5.88e-06,5.91e-06,5.83e-06,5.87e-06,50573.0,2020-02-02 19:00:00
188,1580666400000,5.88e-06,5.9e-06,5.86e-06,5.88e-06,27052.0,2020-02-02 18:00:00
189,1580662800000,5.9e-06,5.92e-06,5.85e-06,5.89e-06,43375.0,2020-02-02 17:00:00
190,1580659200000,5.86e-06,5.92e-06,5.85e-06,5.91e-06,131870.0,2020-02-02 16:00:00
191,1580655600000,5.99e-06,6.01e-06,5.8e-06,5.86e-06,557786.0,2020-02-02 15:00:00
192,1580652000000,6.03e-06,6.04e-06,5.98e-06,6e-06,441587.0,2020-02-02 14:00:00
193,1580648400000,6.05e-06,6.07e-06,6.02e-06,6.04e-06,68268.0,2020-02-02 13:00:00
194,1580644800000,6.1e-06,6.13e-06,6.01e-06,6.05e-06,288579.0,2020-02-02 12:00:00
195,1580641200000,5.93e-06,6.11e-06,5.91e-06,6.09e-06,270532.0,2020-02-02 11:00:00
196,1580637600000,5.99e-06,6.06e-06,5.92e-06,5.96e-06,300793.0,2020-02-02 10:00:00
197,1580634000000,6.06e-06,6.12e-06,5.92e-06,5.98e-06,441239.0,2020-02-02 09:00:00
198,1580630400000,5.88e-06,6.11e-06,5.83e-06,6.06e-06,570392.0,2020-02-02 08:00:00
199,1580626800000,5.98e-06,5.98e-06,5.83e-06,5.83e-06,225840.0,2020-02-02 07:00:00
200,1580623200000,6.15e-06,6.18e-06,5.89e-06,5.97e-06,752608.0,2020-02-02 06:00:00
201,1580619600000,6.23e-06,6.51e-06,6.07e-06,6.15e-06,1409107.0,2020-02-02 05:00:00
202,1580616000000,6.08e-06,6.3e-06,6.07e-06,6.23e-06,406754.0,2020-02-02 04:00:00
203,1580612400000,5.99e-06,6.28e-06,5.95e-06,6.07e-06,919570.0,2020-02-02 03:00:00
204,1580608800000,5.82e-06,6e-06,5.81e-06,5.98e-06,928736.0,2020-02-02 02:00:00
205,1580605200000,5.5e-06,5.82e-06,5.49e-06,5.82e-06,497134.0,2020-02-02 01:00:00
206,1580601600000,5.45e-06,5.52e-06,5.45e-06,5.5e-06,69186.0,2020-02-02 00:00:00
207,1580598000000,5.45e-06,5.46e-06,5.43e-06,5.45e-06,20933.0,2020-02-01 23:00:00
208,1580594400000,5.48e-06,5.48e-06,5.44e-06,5.45e-06,47297.0,2020-02-01 22:00:00
209,1580590800000,5.5e-06,5.52e-06,5.45e-06,5.49e-06,69289.0,2020-02-01 21:00:00
210,1580587200000,5.5e-06,5.52e-06,5.49e-06,5.49e-06,20340.0,2020-02-01 20:00:00
211,1580583600000,5.53e-06,5.53e-06,5.48e-06,5.5e-06,46335.0,2020-02-01 19:00:00
212,1580580000000,5.69e-06,5.7e-06,5.49e-06,5.5e-06,376033.0,2020-02-01 18:00:00
213,1580576400000,5.34e-06,5.72e-06,5.34e-06,5.69e-06,859075.0,2020-02-01 17:00:00
214,1580572800000,5.36e-06,5.38e-06,5.34e-06,5.34e-06,36266.0,2020-02-01 16:00:00
215,1580569200000,5.33e-06,5.39e-06,5.31e-06,5.36e-06,123845.0,2020-02-01 15:00:00
216,1580565600000,5.34e-06,5.36e-06,5.32e-06,5.36e-06,58733.0,2020-02-01 14:00:00
217,1580562000000,5.24e-06,5.35e-06,5.24e-06,5.34e-06,93657.0,2020-02-01 13:00:00
218,1580558400000,5.19e-06,5.3e-06,5.17e-06,5.25e-06,175397.0,2020-02-01 12:00:00
219,1580554800000,5.18e-06,5.21e-06,5.17e-06,5.18e-06,48460.0,2020-02-01 11:00:00
220,1580551200000,5.18e-06,5.2e-06,5.15e-06,5.18e-06,85434.0,2020-02-01 10:00:00
221,1580547600000,5.02e-06,5.19e-06,5.02e-06,5.18e-06,238831.0,2020-02-01 09:00:00
222,1580544000000,5.01e-06,5.04e-06,5.01e-06,5.03e-06,31845.0,2020-02-01 08:00:00
223,1580540400000,5.02e-06,5.02e-06,4.99e-06,5.01e-06,33284.0,2020-02-01 07:00:00
224,1580536800000,5.01e-06,5.02e-06,5.01e-06,5.01e-06,1337.0,2020-02-01 06:00:00
225,1580533200000,4.98e-06,5.02e-06,4.98e-06,5.01e-06,34634.0,2020-02-01 05:00:00
226,1580529600000,4.98e-06,5.03e-06,4.97e-06,5.02e-06,16139.0,2020-02-01 04:00:00
227,1580526000000,4.98e-06,5.01e-06,4.98e-06,5e-06,17461.0,2020-02-01 03:00:00
228,1580522400000,4.98e-06,4.99e-06,4.97e-06,4.97e-06,12446.0,2020-02-01 02:00:00
229,1580518800000,4.99e-06,4.99e-06,4.98e-06,4.98e-06,4163.0,2020-02-01 01:00:00
230,1580515200000,4.99e-06,4.99e-06,4.99e-06,4.99e-06,10063.0,2020-02-01 00:00:00
231,1580511600000,4.98e-06,5e-06,4.97e-06,5e-06,14518.0,2020-01-31 23:00:00
232,1580508000000,5.01e-06,5.03e-06,4.98e-06,4.99e-06,35545.0,2020-01-31 22:00:00
233,1580504400000,4.98e-06,5.12e-06,4.97e-06,5.03e-06,85690.0,2020-01-31 21:00:00
234,1580500800000,4.97e-06,4.97e-06,4.97e-06,4.97e-06,21.0,2020-01-31 20:00:00
235,1580497200000,4.98e-06,5.01e-06,4.97e-06,4.97e-06,17325.0,2020-01-31 19:00:00
236,1580493600000,4.98e-06,4.98e-06,4.96e-06,4.96e-06,5665.0,2020-01-31 18:00:00
237,1580490000000,5.01e-06,5.01e-06,4.97e-06,5e-06,7592.0,2020-01-31 17:00:00
238,1580486400000,4.96e-06,5e-06,4.94e-06,5e-06,34357.0,2020-01-31 16:00:00
239,1580482800000,5.05e-06,5.05e-06,4.94e-06,4.96e-06,130162.0,2020-01-31 15:00:00
240,1580479200000,5.03e-06,5.05e-06,5.01e-06,5.01e-06,38007.0,2020-01-31 14:00:00
241,1580475600000,4.95e-06,5.09e-06,4.92e-06,5.04e-06,349466.0,2020-01-31 13:00:00
242,1580472000000,4.89e-06,4.94e-06,4.89e-06,4.92e-06,79592.0,2020-01-31 12:00:00
243,1580468400000,4.88e-06,4.91e-06,4.88e-06,4.88e-06,18526.0,2020-01-31 11:00:00
244,1580464800000,4.87e-06,4.9e-06,4.87e-06,4.9e-06,28054.0,2020-01-31 10:00:00
245,1580461200000,4.77e-06,4.97e-06,4.77e-06,4.87e-06,614711.0,2020-01-31 09:00:00
246,1580457600000,4.81e-06,4.81e-06,4.77e-06,4.79e-06,9534.0,2020-01-31 08:00:00
247,1580454000000,4.82e-06,4.82e-06,4.8e-06,4.82e-06,5546.0,2020-01-31 07:00:00
248,1580450400000,4.81e-06,4.82e-06,4.81e-06,4.82e-06,46.0,2020-01-31 06:00:00
249,1580446800000,4.8e-06,4.81e-06,4.78e-06,4.81e-06,20831.0,2020-01-31 05:00:00
250,1580443200000,4.79e-06,4.79e-06,4.79e-06,4.79e-06,2855.0,2020-01-31 04:00:00
251,1580439600000,4.77e-06,4.79e-06,4.75e-06,4.79e-06,15529.0,2020-01-31 03:00:00
252,1580436000000,4.78e-06,4.78e-06,4.77e-06,4.77e-06,899.0,2020-01-31 02:00:00
253,1580432400000,4.76e-06,4.78e-06,4.76e-06,4.77e-06,9332.0,2020-01-31 01:00:00
254,1580428800000,4.76e-06,4.76e-06,4.75e-06,4.76e-06,22274.0,2020-01-31 00:00:00
255,1580425200000,4.75e-06,4.77e-06,4.74e-06,4.74e-06,24882.0,2020-01-30 23:00:00
256,1580421600000,4.76e-06,4.77e-06,4.76e-06,4.76e-06,2713.0,2020-01-30 22:00:00
257,1580418000000,4.74e-06,4.77e-06,4.74e-06,4.76e-06,2395.0,2020-01-30 21:00:00
258,1580414400000,4.73e-06,4.79e-06,4.73e-06,4.78e-06,8124.0,2020-01-30 20:00:00
259,1580410800000,4.75e-06,4.75e-06,4.73e-06,4.74e-06,19319.0,2020-01-30 19:00:00
260,1580407200000,4.75e-06,4.78e-06,4.74e-06,4.74e-06,23584.0,2020-01-30 18:00:00
261,1580403600000,4.77e-06,4.79e-06,4.75e-06,4.75e-06,3307.0,2020-01-30 17:00:00
262,1580400000000,4.79e-06,4.81e-06,4.77e-06,4.77e-06,58823.0,2020-01-30 16:00:00
263,1580396400000,4.8e-06,4.8e-06,4.78e-06,4.79e-06,3100.0,2020-01-30 15:00:00
264,1580392800000,4.79e-06,4.83e-06,4.77e-06,4.8e-06,26882.0,2020-01-30 14:00:00
265,1580389200000,4.8e-06,4.81e-06,4.8e-06,4.8e-06,6847.0,2020-01-30 13:00:00
266,1580385600000,4.82e-06,4.82e-06,4.8e-06,4.8e-06,27600.0,2020-01-30 12:00:00
267,1580382000000,4.82e-06,4.82e-06,4.82e-06,4.82e-06,574.0,2020-01-30 11:00:00
268,1580378400000,4.82e-06,4.82e-06,4.82e-06,4.82e-06,0.0,2020-01-30 10:00:00
269,1580374800000,4.83e-06,4.83e-06,4.8e-06,4.82e-06,14917.0,2020-01-30 09:00:00
270,1580371200000,4.82e-06,4.83e-06,4.8e-06,4.82e-06,42424.0,2020-01-30 08:00:00
271,1580367600000,4.81e-06,4.82e-06,4.8e-06,4.82e-06,56597.0,2020-01-30 07:00:00
272,1580364000000,4.81e-06,4.82e-06,4.81e-06,4.81e-06,4153.0,2020-01-30 06:00:00
273,1580360400000,4.8e-06,4.8e-06,4.8e-06,4.8e-06,0.0,2020-01-30 05:00:00
274,1580356800000,4.8e-06,4.8e-06,4.8e-06,4.8e-06,29974.0,2020-01-30 04:00:00
275,1580353200000,4.82e-06,4.83e-06,4.8e-06,4.8e-06,50970.0,2020-01-30 03:00:00
276,1580349600000,4.83e-06,4.83e-06,4.82e-06,4.83e-06,18281.0,2020-01-30 02:00:00
277,1580346000000,4.81e-06,4.83e-06,4.81e-06,4.82e-06,12813.0,2020-01-30 01:00:00
278,1580342400000,4.79e-06,4.82e-06,4.79e-06,4.8e-06,59331.0,2020-01-30 00:00:00
279,1580338800000,4.78e-06,4.79e-06,4.78e-06,4.79e-06,13253.0,2020-01-29 23:00:00
280,1580335200000,4.78e-06,4.79e-06,4.78e-06,4.79e-06,31322.0,2020-01-29 22:00:00
281,1580331600000,4.77e-06,4.79e-06,4.76e-06,4.78e-06,41260.0,2020-01-29 21:00:00
282,1580328000000,4.76e-06,4.77e-06,4.75e-06,4.77e-06,38950.0,2020-01-29 20:00:00
283,1580324400000,4.76e-06,4.76e-06,4.75e-06,4.76e-06,29232.0,2020-01-29 19:00:00
284,1580320800000,4.76e-06,4.77e-06,4.76e-06,4.76e-06,20573.0,2020-01-29 18:00:00
285,1580317200000,4.77e-06,4.77e-06,4.76e-06,4.76e-06,18635.0,2020-01-29 17:00:00
286,1580313600000,4.77e-06,4.78e-06,4.77e-06,4.77e-06,4523.0,2020-01-29 16:00:00
287,1580310000000,4.77e-06,4.79e-06,4.77e-06,4.78e-06,44047.0,2020-01-29 15:00:00
288,1580306400000,4.77e-06,4.77e-06,4.76e-06,4.76e-06,13362.0,2020-01-29 14:00:00
289,1580302800000,4.76e-06,4.77e-06,4.75e-06,4.77e-06,15840.0,2020-01-29 13:00:00
290,1580299200000,4.77e-06,4.79e-06,4.77e-06,4.78e-06,57427.0,2020-01-29 12:00:00
291,1580295600000,4.73e-06,4.78e-06,4.73e-06,4.77e-06,101500.0,2020-01-29 11:00:00
292,1580292000000,4.74e-06,4.75e-06,4.7e-06,4.7e-06,92941.0,2020-01-29 10:00:00
293,1580288400000,4.78e-06,4.78e-06,4.73e-06,4.73e-06,216353.0,2020-01-29 09:00:00
294,1580284800000,4.78e-06,4.78e-06,4.78e-06,4.78e-06,7145.0,2020-01-29 08:00:00
295,1580281200000,4.79e-06,4.79e-06,4.79e-06,4.79e-06,14204.0,2020-01-29 07:00:00
296,1580277600000,4.78e-06,4.79e-06,4.76e-06,4.79e-06,23031.0,2020-01-29 06:00:00
297,1580274000000,4.76e-06,4.77e-06,4.75e-06,4.77e-06,81043.0,2020-01-29 05:00:00
298,1580270400000,4.75e-06,4.77e-06,4.75e-06,4.75e-06,41008.0,2020-01-29 04:00:00
299,1580266800000,4.79e-06,4.8e-06,4.74e-06,4.74e-06,66339.0,2020-01-29 03:00:00
300,1580263200000,4.75e-06,4.84e-06,4.71e-06,4.79e-06,311505.0,2020-01-29 02:00:00
301,1580259600000,4.76e-06,4.79e-06,4.73e-06,4.76e-06,117674.0,2020-01-29 01:00:00
302,1580256000000,4.77e-06,4.82e-06,4.76e-06,4.76e-06,21801.0,2020-01-29 00:00:00
303,1580252400000,4.83e-06,4.84e-06,4.78e-06,4.81e-06,44346.0,2020-01-28 23:00:00
304,1580248800000,4.86e-06,4.87e-06,4.82e-06,4.82e-06,15245.0,2020-01-28 22:00:00
305,1580245200000,4.84e-06,4.87e-06,4.82e-06,4.87e-06,31305.0,2020-01-28 21:00:00
306,1580241600000,4.82e-06,4.84e-06,4.82e-06,4.84e-06,14007.0,2020-01-28 20:00:00
307,1580238000000,4.84e-06,4.86e-06,4.84e-06,4.85e-06,9652.0,2020-01-28 19:00:00
308,1580234400000,4.82e-06,4.84e-06,4.82e-06,4.84e-06,14643.0,2020-01-28 18:00:00
309,1580230800000,4.85e-06,4.85e-06,4.85e-06,4.85e-06,420.0,2020-01-28 17:00:00
310,1580227200000,4.85e-06,4.86e-06,4.84e-06,4.86e-06,3899.0,2020-01-28 16:00:00
311,1580223600000,4.84e-06,4.87e-06,4.82e-06,4.83e-06,30146.0,2020-01-28 15:00:00
312,1580220000000,4.83e-06,4.84e-06,4.81e-06,4.84e-06,35382.0,2020-01-28 14:00:00
313,1580216400000,4.82e-06,4.85e-06,4.81e-06,4.81e-06,56571.0,2020-01-28 13:00:00
314,1580212800000,4.82e-06,4.83e-06,4.8e-06,4.82e-06,14357.0,2020-01-28 12:00:00
315,1580209200000,4.81e-06,4.84e-06,4.81e-06,4.82e-06,93115.0,2020-01-28 11:00:00
316,1580205600000,4.8e-06,4.82e-06,4.79e-06,4.81e-06,26111.0,2020-01-28 10:00:00
317,1580202000000,4.81e-06,4.81e-06,4.79e-06,4.79e-06,3068.0,2020-01-28 09:00:00
318,1580198400000,4.82e-06,4.83e-06,4.81e-06,4.81e-06,32428.0,2020-01-28 08:00:00
319,1580194800000,4.83e-06,4.85e-06,4.8e-06,4.81e-06,117874.0,2020-01-28 07:00:00
320,1580191200000,4.82e-06,4.86e-06,4.82e-06,4.85e-06,128601.0,2020-01-28 06:00:00
321,1580187600000,4.88e-06,4.88e-06,4.78e-06,4.84e-06,402489.0,2020-01-28 05:00:00
322,1580184000000,5.05e-06,5.07e-06,4.85e-06,4.88e-06,293559.0,2020-01-28 04:00:00
323,1580180400000,4.74e-06,5.06e-06,4.74e-06,5.04e-06,1065346.0,2020-01-28 03:00:00
324,1580176800000,4.74e-06,4.76e-06,4.73e-06,4.75e-06,57195.0,2020-01-28 02:00:00
325,1580173200000,4.76e-06,4.76e-06,4.73e-06,4.74e-06,61132.0,2020-01-28 01:00:00
326,1580169600000,4.8e-06,4.8e-06,4.75e-06,4.75e-06,49010.0,2020-01-28 00:00:00
327,1580166000000,4.8e-06,4.81e-06,4.79e-06,4.81e-06,41170.0,2020-01-27 23:00:00
328,1580162400000,4.84e-06,4.88e-06,4.76e-06,4.8e-06,233760.0,2020-01-27 22:00:00
329,1580158800000,4.85e-06,4.86e-06,4.83e-06,4.84e-06,3930.0,2020-01-27 21:00:00
330,1580155200000,4.87e-06,4.89e-06,4.85e-06,4.86e-06,32594.0,2020-01-27 20:00:00
331,1580151600000,4.89e-06,4.92e-06,4.83e-06,4.87e-06,66761.0,2020-01-27 19:00:00
332,1580148000000,4.92e-06,4.92e-06,4.88e-06,4.91e-06,48374.0,2020-01-27 18:00:00
333,1580144400000,4.92e-06,4.92e-06,4.92e-06,4.92e-06,8318.0,2020-01-27 17:00:00
334,1580140800000,4.94e-06,4.98e-06,4.89e-06,4.92e-06,113715.0,2020-01-27 16:00:00
335,1580137200000,4.92e-06,4.93e-06,4.9e-06,4.93e-06,2294.0,2020-01-27 15:00:00
336,1580133600000,4.93e-06,4.93e-06,4.88e-06,4.93e-06,118041.0,2020-01-27 14:00:00
337,1580130000000,4.92e-06,4.92e-06,4.9e-06,4.92e-06,22345.0,2020-01-27 13:00:00
338,1580126400000,4.92e-06,4.92e-06,4.9e-06,4.92e-06,18956.0,2020-01-27 12:00:00
339,1580122800000,4.93e-06,4.95e-06,4.91e-06,4.91e-06,44952.0,2020-01-27 11:00:00
340,1580119200000,4.92e-06,4.93e-06,4.92e-06,4.92e-06,19703.0,2020-01-27 10:00:00
341,1580115600000,4.92e-06,4.93e-06,4.92e-06,4.93e-06,5648.0,2020-01-27 09:00:00
342,1580112000000,4.93e-06,4.94e-06,4.92e-06,4.93e-06,16101.0,2020-01-27 08:00:00
343,1580108400000,4.95e-06,4.95e-06,4.92e-06,4.92e-06,50000.0,2020-01-27 07:00:00
344,1580104800000,4.97e-06,4.99e-06,4.96e-06,4.96e-06,78988.0,2020-01-27 06:00:00
345,1580101200000,4.95e-06,4.95e-06,4.95e-06,4.95e-06,48.0,2020-01-27 05:00:00
346,1580097600000,4.96e-06,4.96e-06,4.95e-06,4.95e-06,22671.0,2020-01-27 04:00:00
347,1580094000000,4.95e-06,4.97e-06,4.95e-06,4.97e-06,26866.0,2020-01-27 03:00:00
348,1580090400000,4.94e-06,4.95e-06,4.93e-06,4.95e-06,43339.0,2020-01-27 02:00:00
349,1580086800000,4.93e-06,4.93e-06,4.93e-06,4.93e-06,1357.0,2020-01-27 01:00:00
350,1580083200000,4.93e-06,4.94e-06,4.91e-06,4.93e-06,22293.0,2020-01-27 00:00:00
351,1580079600000,4.93e-06,4.96e-06,4.92e-06,4.94e-06,63569.0,2020-01-26 23:00:00
352,1580076000000,4.95e-06,4.96e-06,4.95e-06,4.95e-06,13132.0,2020-01-26 22:00:00
353,1580072400000,4.95e-06,4.95e-06,4.95e-06,4.95e-06,14788.0,2020-01-26 21:00:00
354,1580068800000,4.97e-06,4.97e-06,4.95e-06,4.96e-06,2654.0,2020-01-26 20:00:00
355,1580065200000,4.96e-06,4.97e-06,4.96e-06,4.97e-06,11049.0,2020-01-26 19:00:00
356,1580061600000,4.99e-06,4.99e-06,4.93e-06,4.96e-06,179200.0,2020-01-26 18:00:00
357,1580058000000,5e-06,5e-06,4.98e-06,4.99e-06,29069.0,2020-01-26 17:00:00
358,1580054400000,5e-06,5.01e-06,5e-06,5.01e-06,2192.0,2020-01-26 16:00:00
359,1580050800000,5e-06,5.01e-06,5e-06,5e-06,4240.0,2020-01-26 15:00:00
360,1580047200000,5.01e-06,5.02e-06,4.99e-06,5.01e-06,19268.0,2020-01-26 14:00:00
361,1580043600000,5.01e-06,5.02e-06,5.01e-06,5.01e-06,2534.0,2020-01-26 13:00:00
362,1580040000000,5e-06,5e-06,5e-06,5e-06,28302.0,2020-01-26 12:00:00
363,1580036400000,5e-06,5e-06,5e-06,5e-06,17792.0,2020-01-26 11:00:00
364,1580032800000,4.99e-06,5.01e-06,4.99e-06,5e-06,27355.0,2020-01-26 10:00:00
365,1580029200000,4.98e-06,4.98e-06,4.98e-06,4.98e-06,0.0,2020-01-26 09:00:00
366,1580025600000,4.99e-06,4.99e-06,4.98e-06,4.98e-06,59940.0,2020-01-26 08:00:00
367,1580022000000,4.99e-06,5.01e-06,4.99e-06,4.99e-06,3173.0,2020-01-26 07:00:00
368,1580018400000,4.99e-06,4.99e-06,4.98e-06,4.98e-06,5719.0,2020-01-26 06:00:00
369,1580014800000,4.98e-06,5e-06,4.97e-06,4.99e-06,26394.0,2020-01-26 05:00:00
370,1580011200000,4.98e-06,4.98e-06,4.98e-06,4.98e-06,0.0,2020-01-26 04:00:00
371,1580007600000,4.99e-06,5.02e-06,4.98e-06,4.98e-06,11558.0,2020-01-26 03:00:00
372,1580004000000,4.99e-06,4.99e-06,4.99e-06,4.99e-06,15.0,2020-01-26 02:00:00
373,1580000400000,5e-06,5e-06,4.98e-06,4.99e-06,8645.0,2020-01-26 01:00:00
374,1579996800000,5e-06,5.01e-06,4.98e-06,5e-06,1572.0,2020-01-26 00:00:00
375,1579993200000,5e-06,5e-06,5e-06,5e-06,0.0,2020-01-25 23:00:00
376,1579989600000,4.99e-06,5.01e-06,4.97e-06,5e-06,40934.0,2020-01-25 22:00:00
377,1579986000000,4.96e-06,4.99e-06,4.96e-06,4.99e-06,29804.0,2020-01-25 21:00:00
378,1579982400000,4.98e-06,4.98e-06,4.96e-06,4.97e-06,13930.0,2020-01-25 20:00:00
379,1579978800000,4.98e-06,4.98e-06,4.95e-06,4.98e-06,22032.0,2020-01-25 19:00:00
380,1579975200000,4.98e-06,4.98e-06,4.98e-06,4.98e-06,496.0,2020-01-25 18:00:00
381,1579971600000,4.99e-06,4.99e-06,4.98e-06,4.98e-06,14700.0,2020-01-25 17:00:00
382,1579968000000,4.96e-06,4.99e-06,4.96e-06,4.99e-06,7506.0,2020-01-25 16:00:00
383,1579964400000,4.96e-06,4.96e-06,4.96e-06,4.96e-06,1394.0,2020-01-25 15:00:00
384,1579960800000,5e-06,5.01e-06,4.96e-06,4.97e-06,44379.0,2020-01-25 14:00:00
385,1579957200000,4.99e-06,4.99e-06,4.98e-06,4.99e-06,12119.0,2020-01-25 13:00:00
386,1579953600000,4.98e-06,4.98e-06,4.96e-06,4.98e-06,32552.0,2020-01-25 12:00:00
387,1579950000000,4.98e-06,4.98e-06,4.98e-06,4.98e-06,43.0,2020-01-25 11:00:00
388,1579946400000,4.99e-06,4.99e-06,4.97e-06,4.98e-06,17715.0,2020-01-25 10:00:00
389,1579942800000,5e-06,5e-06,4.99e-06,4.99e-06,5675.0,2020-01-25 09:00:00
390,1579939200000,4.97e-06,5.01e-06,4.97e-06,5e-06,10313.0,2020-01-25 08:00:00
391,1579935600000,4.98e-06,5e-06,4.98e-06,5e-06,439.0,2020-01-25 07:00:00
392,1579932000000,4.97e-06,4.98e-06,4.96e-06,4.98e-06,4645.0,2020-01-25 06:00:00
393,1579928400000,4.97e-06,4.97e-06,4.97e-06,4.97e-06,3801.0,2020-01-25 05:00:00
394,1579924800000,5e-06,5e-06,4.97e-06,4.97e-06,9595.0,2020-01-25 04:00:00
395,1579921200000,4.97e-06,4.97e-06,4.97e-06,4.97e-06,610.0,2020-01-25 03:00:00
396,1579917600000,4.98e-06,4.98e-06,4.98e-06,4.98e-06,91.0,2020-01-25 02:00:00
397,1579914000000,4.98e-06,4.98e-06,4.98e-06,4.98e-06,250.0,2020-01-25 01:00:00
398,1579910400000,4.98e-06,4.98e-06,4.97e-06,4.98e-06,5504.0,2020-01-25 00:00:00
399,1579906800000,4.98e-06,5.02e-06,4.98e-06,4.98e-06,57407.0,2020-01-24 23:00:00
400,1579903200000,4.97e-06,4.98e-06,4.94e-06,4.94e-06,2492.0,2020-01-24 22:00:00
401,1579899600000,4.98e-06,4.98e-06,4.95e-06,4.95e-06,6134.0,2020-01-24 21:00:00
402,1579896000000,4.95e-06,4.98e-06,4.95e-06,4.98e-06,9077.0,2020-01-24 20:00:00
403,1579892400000,4.95e-06,4.96e-06,4.94e-06,4.94e-06,11580.0,2020-01-24 19:00:00
404,1579888800000,4.95e-06,4.95e-06,4.95e-06,4.95e-06,7318.0,2020-01-24 18:00:00
405,1579885200000,4.96e-06,4.97e-06,4.94e-06,4.97e-06,26477.0,2020-01-24 17:00:00
406,1579881600000,4.98e-06,4.98e-06,4.93e-06,4.93e-06,68570.0,2020-01-24 16:00:00
407,1579878000000,4.97e-06,4.98e-06,4.95e-06,4.98e-06,16793.0,2020-01-24 15:00:00
408,1579874400000,4.97e-06,4.99e-06,4.95e-06,4.98e-06,26850.0,2020-01-24 14:00:00
409,1579870800000,4.94e-06,4.97e-06,4.93e-06,4.97e-06,18255.0,2020-01-24 13:00:00
410,1579867200000,4.95e-06,4.97e-06,4.93e-06,4.95e-06,56480.0,2020-01-24 12:00:00
411,1579863600000,4.97e-06,4.97e-06,4.93e-06,4.95e-06,29362.0,2020-01-24 11:00:00
412,1579860000000,4.96e-06,4.97e-06,4.95e-06,4.95e-06,47474.0,2020-01-24 10:00:00
413,1579856400000,4.96e-06,4.97e-06,4.92e-06,4.95e-06,51719.0,2020-01-24 09:00:00
414,1579852800000,4.96e-06,4.96e-06,4.95e-06,4.95e-06,4654.0,2020-01-24 08:00:00
415,1579849200000,4.94e-06,4.96e-06,4.94e-06,4.96e-06,107161.0,2020-01-24 07:00:00
416,1579845600000,4.95e-06,4.96e-06,4.94e-06,4.96e-06,8458.0,2020-01-24 06:00:00
417,1579842000000,4.96e-06,4.97e-06,4.95e-06,4.95e-06,23607.0,2020-01-24 05:00:00
418,1579838400000,4.96e-06,4.96e-06,4.94e-06,4.96e-06,13019.0,2020-01-24 04:00:00
419,1579834800000,4.95e-06,4.97e-06,4.95e-06,4.97e-06,23591.0,2020-01-24 03:00:00
420,1579831200000,4.95e-06,4.96e-06,4.95e-06,4.95e-06,25164.0,2020-01-24 02:00:00
421,1579827600000,4.94e-06,4.95e-06,4.94e-06,4.95e-06,273.0,2020-01-24 01:00:00
422,1579824000000,4.96e-06,4.96e-06,4.94e-06,4.94e-06,7618.0,2020-01-24 00:00:00
423,1579820400000,4.95e-06,4.96e-06,4.94e-06,4.96e-06,13413.0,2020-01-23 23:00:00
424,1579816800000,4.94e-06,4.95e-06,4.93e-06,4.95e-06,28466.0,2020-01-23 22:00:00
425,1579813200000,4.98e-06,4.98e-06,4.91e-06,4.92e-06,626314.0,2020-01-23 21:00:00
426,1579809600000,5.02e-06,5.02e-06,4.97e-06,4.98e-06,112908.0,2020-01-23 20:00:00
427,1579806000000,5.04e-06,5.04e-06,5.03e-06,5.03e-06,16697.0,2020-01-23 19:00:00
428,1579802400000,5.05e-06,5.05e-06,5.01e-06,5.03e-06,30093.0,2020-01-23 18:00:00
429,1579798800000,5.06e-06,5.06e-06,5.02e-06,5.05e-06,48807.0,2020-01-23 17:00:00
430,1579795200000,5.06e-06,5.08e-06,5.06e-06,5.07e-06,19882.0,2020-01-23 16:00:00
431,1579791600000,5.07e-06,5.08e-06,5.04e-06,5.05e-06,39815.0,2020-01-23 15:00:00
432,1579788000000,5.08e-06,5.09e-06,5.06e-06,5.08e-06,7940.0,2020-01-23 14:00:00
433,1579784400000,5.05e-06,5.08e-06,5.05e-06,5.08e-06,3816.0,2020-01-23 13:00:00
434,1579780800000,5.07e-06,5.09e-06,5.06e-06,5.06e-06,10186.0,2020-01-23 12:00:00
435,1579777200000,5.08e-06,5.09e-06,5.04e-06,5.07e-06,14297.0,2020-01-23 11:00:00
436,1579773600000,5.09e-06,5.09e-06,5.06e-06,5.07e-06,13070.0,2020-01-23 10:00:00
437,1579770000000,5.07e-06,5.07e-06,5.05e-06,5.05e-06,11298.0,2020-01-23 09:00:00
438,1579766400000,5.08e-06,5.08e-06,5.06e-06,5.08e-06,21368.0,2020-01-23 08:00:00
439,1579762800000,5.08e-06,5.08e-06,5.05e-06,5.08e-06,43099.0,2020-01-23 07:00:00
440,1579759200000,5.07e-06,5.08e-06,5.05e-06,5.07e-06,32866.0,2020-01-23 06:00:00
441,1579755600000,5.11e-06,5.11e-06,5.07e-06,5.08e-06,70467.0,2020-01-23 05:00:00
442,1579752000000,5.12e-06,5.12e-06,5.1e-06,5.1e-06,4591.0,2020-01-23 04:00:00
443,1579748400000,5.12e-06,5.15e-06,5.09e-06,5.15e-06,4963.0,2020-01-23 03:00:00
444,1579744800000,5.12e-06,5.12e-06,5.1e-06,5.11e-06,6937.0,2020-01-23 02:00:00
445,1579741200000,5.12e-06,5.15e-06,5.12e-06,5.12e-06,4122.0,2020-01-23 01:00:00
446,1579737600000,5.14e-06,5.16e-06,5.12e-06,5.12e-06,12797.0,2020-01-23 00:00:00
447,1579734000000,5.12e-06,5.14e-06,5.12e-06,5.14e-06,3906.0,2020-01-22 23:00:00
448,1579730400000,5.1e-06,5.15e-06,5.1e-06,5.12e-06,29937.0,2020-01-22 22:00:00
449,1579726800000,5.12e-06,5.12e-06,5.1e-06,5.1e-06,15383.0,2020-01-22 21:00:00
450,1579723200000,5.11e-06,5.16e-06,5.1e-06,5.1e-06,64260.0,2020-01-22 20:00:00
451,1579719600000,5.14e-06,5.15e-06,5.11e-06,5.11e-06,63795.0,2020-01-22 19:00:00
452,1579716000000,5.14e-06,5.16e-06,5.14e-06,5.16e-06,39905.0,2020-01-22 18:00:00
453,1579712400000,5.11e-06,5.14e-06,5.11e-06,5.14e-06,1979.0,2020-01-22 17:00:00
454,1579708800000,5.14e-06,5.14e-06,5.11e-06,5.14e-06,43829.0,2020-01-22 16:00:00
455,1579705200000,5.13e-06,5.14e-06,5.12e-06,5.13e-06,29165.0,2020-01-22 15:00:00
456,1579701600000,5.07e-06,5.14e-06,5.07e-06,5.13e-06,14809.0,2020-01-22 14:00:00
457,1579698000000,5.08e-06,5.12e-06,5.06e-06,5.06e-06,266975.0,2020-01-22 13:00:00
458,1579694400000,5.14e-06,5.15e-06,5.06e-06,5.09e-06,331725.0,2020-01-22 12:00:00
459,1579690800000,5.1e-06,5.29e-06,5.08e-06,5.15e-06,1328319.0,2020-01-22 11:00:00
460,1579687200000,5.1e-06,5.14e-06,5.1e-06,5.1e-06,2424.0,2020-01-22 10:00:00
461,1579683600000,5.14e-06,5.15e-06,5.09e-06,5.09e-06,34885.0,2020-01-22 09:00:00
462,1579680000000,5.15e-06,5.15e-06,5.13e-06,5.14e-06,12112.0,2020-01-22 08:00:00
463,1579676400000,5.09e-06,5.16e-06,5.09e-06,5.15e-06,110573.0,2020-01-22 07:00:00
464,1579672800000,5.11e-06,5.12e-06,5.09e-06,5.09e-06,47549.0,2020-01-22 06:00:00
465,1579669200000,5.1e-06,5.12e-06,5.08e-06,5.08e-06,21822.0,2020-01-22 05:00:00
466,1579665600000,5.12e-06,5.14e-06,5.09e-06,5.09e-06,19248.0,2020-01-22 04:00:00
467,1579662000000,5.17e-06,5.18e-06,5.08e-06,5.12e-06,68410.0,2020-01-22 03:00:00
468,1579658400000,5.15e-06,5.17e-06,5.15e-06,5.16e-06,36580.0,2020-01-22 02:00:00
469,1579654800000,5.1e-06,5.17e-06,5.08e-06,5.15e-06,168526.0,2020-01-22 01:00:00
470,1579651200000,5.15e-06,5.19e-06,5.08e-06,5.09e-06,172718.0,2020-01-22 00:00:00
471,1579647600000,5.51e-06,5.75e-06,5.09e-06,5.16e-06,4235442.0,2020-01-21 23:00:00
472,1579644000000,5.09e-06,5.57e-06,5.09e-06,5.51e-06,2540227.0,2020-01-21 22:00:00
473,1579640400000,5.02e-06,5.08e-06,5.01e-06,5.07e-06,92454.0,2020-01-21 21:00:00
474,1579636800000,5.05e-06,5.05e-06,5.03e-06,5.03e-06,26352.0,2020-01-21 20:00:00
475,1579633200000,5.05e-06,5.07e-06,5.05e-06,5.05e-06,33432.0,2020-01-21 19:00:00
476,1579629600000,5.07e-06,5.07e-06,5.06e-06,5.07e-06,6390.0,2020-01-21 18:00:00
477,1579626000000,5.08e-06,5.14e-06,5.07e-06,5.07e-06,156083.0,2020-01-21 17:00:00
478,1579622400000,5.16e-06,5.18e-06,5.04e-06,5.06e-06,224214.0,2020-01-21 16:00:00
479,1579618800000,5.12e-06,5.17e-06,5.12e-06,5.16e-06,3242.0,2020-01-21 15:00:00
480,1579615200000,5.15e-06,5.15e-06,5.12e-06,5.12e-06,824.0,2020-01-21 14:00:00
481,1579611600000,5.13e-06,5.16e-06,5.11e-06,5.11e-06,77706.0,2020-01-21 13:00:00
482,1579608000000,5.12e-06,5.15e-06,5.11e-06,5.13e-06,5268.0,2020-01-21 12:00:00
483,1579604400000,5.11e-06,5.16e-06,5.11e-06,5.12e-06,87866.0,2020-01-21 11:00:00
484,1579600800000,5.08e-06,5.12e-06,5.07e-06,5.08e-06,87902.0,2020-01-21 10:00:00
485,1579597200000,5.05e-06,5.09e-06,5.05e-06,5.06e-06,3107.0,2020-01-21 09:00:00
486,1579593600000,5.08e-06,5.08e-06,5.05e-06,5.05e-06,6883.0,2020-01-21 08:00:00
487,1579590000000,5.06e-06,5.08e-06,5.06e-06,5.08e-06,21708.0,2020-01-21 07:00:00
488,1579586400000,5.09e-06,5.11e-06,5.04e-06,5.06e-06,98867.0,2020-01-21 06:00:00
489,1579582800000,5.09e-06,5.09e-06,5.05e-06,5.09e-06,5451.0,2020-01-21 05:00:00
490,1579579200000,5.08e-06,5.09e-06,5.05e-06,5.05e-06,10227.0,2020-01-21 04:00:00
491,1579575600000,5.07e-06,5.09e-06,5.07e-06,5.08e-06,24099.0,2020-01-21 03:00:00
492,1579572000000,5.05e-06,5.06e-06,5.05e-06,5.06e-06,1458.0,2020-01-21 02:00:00
493,1579568400000,5.05e-06,5.05e-06,5.05e-06,5.05e-06,265.0,2020-01-21 01:00:00
494,1579564800000,5.05e-06,5.05e-06,5.05e-06,5.05e-06,1053.0,2020-01-21 00:00:00
495,1579561200000,5.06e-06,5.07e-06,5.05e-06,5.07e-06,8130.0,2020-01-20 23:00:00
496,1579557600000,5.04e-06,5.05e-06,5.04e-06,5.05e-06,6597.0,2020-01-20 22:00:00
497,1579554000000,5.03e-06,5.06e-06,5.03e-06,5.05e-06,100416.0,2020-01-20 21:00:00
498,1579550400000,5.03e-06,5.05e-06,5.01e-06,5.01e-06,70197.0,2020-01-20 20:00:00
499,1579546800000,5e-06,5.02e-06,4.98e-06,5.02e-06,37410.0,2020-01-20 19:00:00
500,1579543200000,5.01e-06,5.01e-06,5e-06,5e-06,2678.0,2020-01-20 18:00:00
501,1579539600000,4.99e-06,5.04e-06,4.99e-06,5.04e-06,49277.0,2020-01-20 17:00:00
502,1579536000000,4.99e-06,5.02e-06,4.98e-06,5.02e-06,67460.0,2020-01-20 16:00:00
503,1579532400000,4.94e-06,4.99e-06,4.94e-06,4.99e-06,106819.0,2020-01-20 15:00:00
504,1579528800000,4.99e-06,4.99e-06,4.92e-06,4.96e-06,284856.0,2020-01-20 14:00:00
505,1579525200000,5e-06,5.01e-06,4.98e-06,4.99e-06,39267.0,2020-01-20 13:00:00
506,1579521600000,5e-06,5.03e-06,4.99e-06,4.99e-06,78640.0,2020-01-20 12:00:00
507,1579518000000,4.98e-06,5.03e-06,4.97e-06,4.99e-06,23406.0,2020-01-20 11:00:00
508,1579514400000,4.98e-06,5e-06,4.96e-06,4.98e-06,60468.0,2020-01-20 10:00:00
509,1579510800000,4.98e-06,5.01e-06,4.98e-06,4.98e-06,38620.0,2020-01-20 09:00:00
510,1579507200000,4.96e-06,4.98e-06,4.96e-06,4.97e-06,1025.0,2020-01-20 08:00:00
511,1579503600000,4.97e-06,4.98e-06,4.96e-06,4.96e-06,6581.0,2020-01-20 07:00:00
512,1579500000000,4.97e-06,4.98e-06,4.96e-06,4.98e-06,7729.0,2020-01-20 06:00:00
513,1579496400000,4.97e-06,4.99e-06,4.97e-06,4.97e-06,1828.0,2020-01-20 05:00:00
514,1579492800000,4.98e-06,5e-06,4.98e-06,5e-06,6123.0,2020-01-20 04:00:00
515,1579489200000,5e-06,5e-06,4.96e-06,4.98e-06,28527.0,2020-01-20 03:00:00
516,1579485600000,5e-06,5.01e-06,5e-06,5.01e-06,479.0,2020-01-20 02:00:00
517,1579482000000,4.99e-06,5e-06,4.99e-06,4.99e-06,1079.0,2020-01-20 01:00:00
518,1579478400000,5.02e-06,5.03e-06,4.98e-06,5e-06,15671.0,2020-01-20 00:00:00
519,1579474800000,5.02e-06,5.02e-06,5.02e-06,5.02e-06,92.0,2020-01-19 23:00:00
520,1579471200000,5e-06,5.02e-06,5e-06,5.02e-06,13129.0,2020-01-19 22:00:00
521,1579467600000,4.97e-06,4.99e-06,4.97e-06,4.99e-06,5570.0,2020-01-19 21:00:00
522,1579464000000,4.98e-06,4.98e-06,4.96e-06,4.96e-06,21136.0,2020-01-19 20:00:00
523,1579460400000,5.01e-06,5.01e-06,4.98e-06,4.98e-06,5038.0,2020-01-19 19:00:00
524,1579456800000,4.99e-06,5.03e-06,4.98e-06,5.01e-06,14298.0,2020-01-19 18:00:00
525,1579453200000,5.02e-06,5.02e-06,4.99e-06,4.99e-06,5930.0,2020-01-19 17:00:00
526,1579449600000,4.99e-06,5.03e-06,4.99e-06,5.01e-06,8933.0,2020-01-19 16:00:00
527,1579446000000,5e-06,5.02e-06,4.97e-06,5.02e-06,7561.0,2020-01-19 15:00:00
528,1579442400000,5e-06,5.01e-06,4.97e-06,5e-06,24608.0,2020-01-19 14:00:00
529,1579438800000,4.99e-06,5.01e-06,4.97e-06,4.98e-06,3576.0,2020-01-19 13:00:00
530,1579435200000,5.06e-06,5.06e-06,4.99e-06,5.01e-06,27952.0,2020-01-19 12:00:00
531,1579431600000,5.05e-06,5.12e-06,5e-06,5.06e-06,304538.0,2020-01-19 11:00:00
532,1579428000000,5.05e-06,5.05e-06,5.05e-06,5.05e-06,535.0,2020-01-19 10:00:00
533,1579424400000,5.05e-06,5.07e-06,5.05e-06,5.05e-06,185926.0,2020-01-19 09:00:00
534,1579420800000,5.05e-06,5.07e-06,5.05e-06,5.05e-06,10352.0,2020-01-19 08:00:00
535,1579417200000,5.03e-06,5.08e-06,5.01e-06,5.04e-06,94319.0,2020-01-19 07:00:00
536,1579413600000,5.01e-06,5.03e-06,5.01e-06,5.02e-06,9006.0,2020-01-19 06:00:00
537,1579410000000,5.01e-06,5.02e-06,5.01e-06,5.01e-06,73.0,2020-01-19 05:00:00
538,1579406400000,4.99e-06,5.01e-06,4.97e-06,5.01e-06,42390.0,2020-01-19 04:00:00
539,1579402800000,5.01e-06,5.01e-06,5e-06,5.01e-06,24221.0,2020-01-19 03:00:00
540,1579399200000,5.02e-06,5.04e-06,5e-06,5.02e-06,13450.0,2020-01-19 02:00:00
541,1579395600000,5.05e-06,5.05e-06,5e-06,5.04e-06,61488.0,2020-01-19 01:00:00
542,1579392000000,5.03e-06,5.05e-06,5.03e-06,5.05e-06,14654.0,2020-01-19 00:00:00
543,1579388400000,5.07e-06,5.07e-06,5.03e-06,5.03e-06,13113.0,2020-01-18 23:00:00
544,1579384800000,5.09e-06,5.09e-06,5.05e-06,5.07e-06,26024.0,2020-01-18 22:00:00
545,1579381200000,5.12e-06,5.12e-06,5.09e-06,5.09e-06,15530.0,2020-01-18 21:00:00
546,1579377600000,5.14e-06,5.14e-06,5.13e-06,5.14e-06,30361.0,2020-01-18 20:00:00
547,1579374000000,5.14e-06,5.19e-06,5.11e-06,5.14e-06,67441.0,2020-01-18 19:00:00
548,1579370400000,5.1e-06,5.19e-06,5.07e-06,5.15e-06,256043.0,2020-01-18 18:00:00
549,1579366800000,5.08e-06,5.11e-06,5.07e-06,5.11e-06,20626.0,2020-01-18 17:00:00
550,1579363200000,5.02e-06,5.09e-06,4.99e-06,5.09e-06,365126.0,2020-01-18 16:00:00
551,1579359600000,5.03e-06,5.03e-06,5e-06,5.03e-06,116023.0,2020-01-18 15:00:00
552,1579356000000,5.06e-06,5.06e-06,5e-06,5.03e-06,346605.0,2020-01-18 14:00:00
553,1579352400000,5.06e-06,5.06e-06,5.06e-06,5.06e-06,9196.0,2020-01-18 13:00:00
554,1579348800000,5.07e-06,5.09e-06,5.03e-06,5.07e-06,123654.0,2020-01-18 12:00:00
555,1579345200000,5.05e-06,5.08e-06,5.05e-06,5.05e-06,14809.0,2020-01-18 11:00:00
556,1579341600000,5.02e-06,5.08e-06,5.01e-06,5.08e-06,116240.0,2020-01-18 10:00:00
557,1579338000000,5.02e-06,5.05e-06,4.96e-06,5e-06,229399.0,2020-01-18 09:00:00
558,1579334400000,5.09e-06,5.09e-06,5e-06,5.01e-06,213221.0,2020-01-18 08:00:00
559,1579330800000,5.08e-06,5.1e-06,5.05e-06,5.09e-06,56046.0,2020-01-18 07:00:00
560,1579327200000,5.09e-06,5.09e-06,5.09e-06,5.09e-06,7896.0,2020-01-18 06:00:00
561,1579323600000,5.1e-06,5.13e-06,5.09e-06,5.09e-06,3457.0,2020-01-18 05:00:00
562,1579320000000,5.12e-06,5.15e-06,5.1e-06,5.12e-06,16048.0,2020-01-18 04:00:00
563,1579316400000,5.13e-06,5.15e-06,5.12e-06,5.14e-06,66311.0,2020-01-18 03:00:00
564,1579312800000,5.12e-06,5.14e-06,5.12e-06,5.12e-06,24086.0,2020-01-18 02:00:00
565,1579309200000,5.09e-06,5.12e-06,5.09e-06,5.12e-06,11101.0,2020-01-18 01:00:00
566,1579305600000,5.09e-06,5.11e-06,5.07e-06,5.09e-06,41184.0,2020-01-18 00:00:00
567,1579302000000,5.09e-06,5.11e-06,5.09e-06,5.09e-06,26808.0,2020-01-17 23:00:00
568,1579298400000,5.1e-06,5.11e-06,5.08e-06,5.09e-06,2920.0,2020-01-17 22:00:00
569,1579294800000,5.09e-06,5.11e-06,5.09e-06,5.09e-06,7985.0,2020-01-17 21:00:00
570,1579291200000,5.06e-06,5.09e-06,5.05e-06,5.09e-06,29944.0,2020-01-17 20:00:00
571,1579287600000,5.09e-06,5.11e-06,5.06e-06,5.06e-06,11155.0,2020-01-17 19:00:00
572,1579284000000,5.14e-06,5.15e-06,5.09e-06,5.1e-06,23371.0,2020-01-17 18:00:00
573,1579280400000,5.08e-06,5.15e-06,5.08e-06,5.12e-06,47218.0,2020-01-17 17:00:00
574,1579276800000,5.09e-06,5.1e-06,5.07e-06,5.07e-06,6088.0,2020-01-17 16:00:00
575,1579273200000,5.07e-06,5.11e-06,5.07e-06,5.09e-06,11124.0,2020-01-17 15:00:00
576,1579269600000,5.06e-06,5.11e-06,5.06e-06,5.07e-06,35616.0,2020-01-17 14:00:00
577,1579266000000,5.1e-06,5.1e-06,5.05e-06,5.08e-06,58035.0,2020-01-17 13:00:00
578,1579262400000,5.14e-06,5.15e-06,5.06e-06,5.09e-06,132161.0,2020-01-17 12:00:00
579,1579258800000,5.05e-06,5.15e-06,5.02e-06,5.14e-06,160335.0,2020-01-17 11:00:00
580,1579255200000,4.99e-06,5.08e-06,4.99e-06,5.02e-06,177918.0,2020-01-17 10:00:00
581,1579251600000,4.97e-06,5e-06,4.96e-06,4.99e-06,39543.0,2020-01-17 09:00:00
582,1579248000000,4.96e-06,4.96e-06,4.95e-06,4.96e-06,18844.0,2020-01-17 08:00:00
583,1579244400000,4.98e-06,4.98e-06,4.95e-06,4.96e-06,93439.0,2020-01-17 07:00:00
584,1579240800000,5.03e-06,5.03e-06,4.97e-06,4.98e-06,87193.0,2020-01-17 06:00:00
585,1579237200000,5.02e-06,5.03e-06,4.99e-06,5.01e-06,26729.0,2020-01-17 05:00:00
586,1579233600000,5e-06,5.04e-06,4.99e-06,5.01e-06,10873.0,2020-01-17 04:00:00
587,1579230000000,4.99e-06,5.01e-06,4.94e-06,5e-06,98938.0,2020-01-17 03:00:00
588,1579226400000,4.99e-06,5.01e-06,4.99e-06,5.01e-06,57968.0,2020-01-17 02:00:00
589,1579222800000,5e-06,5e-06,4.96e-06,4.99e-06,26843.0,2020-01-17 01:00:00
590,1579219200000,5.04e-06,5.04e-06,4.96e-06,5e-06,65431.0,2020-01-17 00:00:00
591,1579215600000,5.08e-06,5.08e-06,4.99e-06,5.04e-06,289376.0,2020-01-16 23:00:00
592,1579212000000,5.06e-06,5.1e-06,5.05e-06,5.07e-06,57407.0,2020-01-16 22:00:00
593,1579208400000,4.99e-06,5.15e-06,4.97e-06,5.05e-06,414776.0,2020-01-16 21:00:00
594,1579204800000,4.98e-06,4.99e-06,4.95e-06,4.99e-06,20424.0,2020-01-16 20:00:00
595,1579201200000,5.04e-06,5.04e-06,4.95e-06,4.97e-06,215376.0,2020-01-16 19:00:00
596,1579197600000,5.03e-06,5.13e-06,5.02e-06,5.05e-06,322327.0,2020-01-16 18:00:00
597,1579194000000,4.88e-06,5.09e-06,4.86e-06,5.03e-06,689980.0,2020-01-16 17:00:00
598,1579190400000,4.82e-06,4.9e-06,4.79e-06,4.85e-06,96803.0,2020-01-16 16:00:00
599,1579186800000,4.81e-06,4.83e-06,4.8e-06,4.81e-06,25860.0,2020-01-16 15:00:00
600,1579183200000,4.77e-06,4.83e-06,4.75e-06,4.81e-06,53889.0,2020-01-16 14:00:00
601,1579179600000,4.78e-06,4.78e-06,4.78e-06,4.78e-06,443.0,2020-01-16 13:00:00
602,1579176000000,4.77e-06,4.77e-06,4.75e-06,4.75e-06,7668.0,2020-01-16 12:00:00
603,1579172400000,4.75e-06,4.8e-06,4.73e-06,4.78e-06,154153.0,2020-01-16 11:00:00
604,1579168800000,4.76e-06,4.78e-06,4.76e-06,4.76e-06,9005.0,2020-01-16 10:00:00
605,1579165200000,4.74e-06,4.78e-06,4.74e-06,4.76e-06,168720.0,2020-01-16 09:00:00
606,1579161600000,4.73e-06,4.74e-06,4.72e-06,4.74e-06,3962.0,2020-01-16 08:00:00
607,1579158000000,4.74e-06,4.74e-06,4.74e-06,4.74e-06,0.0,2020-01-16 07:00:00
608,1579154400000,4.74e-06,4.75e-06,4.73e-06,4.74e-06,57379.0,2020-01-16 06:00:00
609,1579150800000,4.74e-06,4.74e-06,4.71e-06,4.74e-06,4131.0,2020-01-16 05:00:00
610,1579147200000,4.73e-06,4.74e-06,4.72e-06,4.74e-06,844.0,2020-01-16 04:00:00
611,1579143600000,4.72e-06,4.74e-06,4.71e-06,4.72e-06,38034.0,2020-01-16 03:00:00
612,1579140000000,4.75e-06,4.75e-06,4.72e-06,4.72e-06,2813.0,2020-01-16 02:00:00
613,1579136400000,4.71e-06,4.76e-06,4.7e-06,4.73e-06,289455.0,2020-01-16 01:00:00
614,1579132800000,4.68e-06,4.72e-06,4.68e-06,4.71e-06,128384.0,2020-01-16 00:00:00
615,1579129200000,4.67e-06,4.71e-06,4.67e-06,4.71e-06,62531.0,2020-01-15 23:00:00
616,1579125600000,4.79e-06,4.79e-06,4.66e-06,4.68e-06,754859.0,2020-01-15 22:00:00
617,1579122000000,4.82e-06,4.82e-06,4.79e-06,4.79e-06,52596.0,2020-01-15 21:00:00
618,1579118400000,4.82e-06,4.82e-06,4.8e-06,4.82e-06,3025.0,2020-01-15 20:00:00
619,1579114800000,4.82e-06,4.83e-06,4.81e-06,4.83e-06,2186.0,2020-01-15 19:00:00
620,1579111200000,4.82e-06,4.84e-06,4.8e-06,4.8e-06,19313.0,2020-01-15 18:00:00
621,1579107600000,4.83e-06,4.84e-06,4.8e-06,4.82e-06,29846.0,2020-01-15 17:00:00
622,1579104000000,4.83e-06,4.83e-06,4.81e-06,4.81e-06,42867.0,2020-01-15 16:00:00
623,1579100400000,4.83e-06,4.84e-06,4.81e-06,4.84e-06,9276.0,2020-01-15 15:00:00
624,1579096800000,4.82e-06,4.9e-06,4.79e-06,4.81e-06,177521.0,2020-01-15 14:00:00
625,1579093200000,4.82e-06,4.86e-06,4.79e-06,4.79e-06,57629.0,2020-01-15 13:00:00
626,1579089600000,4.82e-06,4.85e-06,4.8e-06,4.81e-06,27542.0,2020-01-15 12:00:00
627,1579086000000,4.79e-06,4.86e-06,4.79e-06,4.84e-06,194665.0,2020-01-15 11:00:00
628,1579082400000,4.83e-06,4.83e-06,4.8e-06,4.8e-06,25077.0,2020-01-15 10:00:00
629,1579078800000,4.82e-06,4.87e-06,4.81e-06,4.81e-06,63025.0,2020-01-15 09:00:00
630,1579075200000,4.85e-06,4.87e-06,4.79e-06,4.83e-06,278376.0,2020-01-15 08:00:00
631,1579071600000,4.84e-06,4.85e-06,4.82e-06,4.85e-06,11095.0,2020-01-15 07:00:00
632,1579068000000,4.82e-06,4.86e-06,4.82e-06,4.84e-06,7636.0,2020-01-15 06:00:00
633,1579064400000,4.83e-06,4.83e-06,4.82e-06,4.83e-06,6738.0,2020-01-15 05:00:00
634,1579060800000,4.83e-06,4.86e-06,4.81e-06,4.81e-06,33752.0,2020-01-15 04:00:00
635,1579057200000,4.79e-06,4.84e-06,4.79e-06,4.83e-06,163693.0,2020-01-15 03:00:00
636,1579053600000,4.71e-06,4.83e-06,4.71e-06,4.79e-06,113498.0,2020-01-15 02:00:00
637,1579050000000,4.61e-06,4.72e-06,4.61e-06,4.7e-06,165518.0,2020-01-15 01:00:00
638,1579046400000,4.62e-06,4.65e-06,4.54e-06,4.62e-06,132850.0,2020-01-15 00:00:00
639,1579042800000,4.65e-06,4.66e-06,4.62e-06,4.63e-06,16297.0,2020-01-14 23:00:00
640,1579039200000,4.63e-06,4.89e-06,4.62e-06,4.65e-06,1019383.0,2020-01-14 22:00:00
641,1579035600000,4.61e-06,4.64e-06,4.61e-06,4.64e-06,4821.0,2020-01-14 21:00:00
642,1579032000000,4.61e-06,4.63e-06,4.59e-06,4.61e-06,16668.0,2020-01-14 20:00:00
643,1579028400000,4.63e-06,4.64e-06,4.6e-06,4.62e-06,53310.0,2020-01-14 19:00:00
644,1579024800000,4.63e-06,4.66e-06,4.6e-06,4.62e-06,127938.0,2020-01-14 18:00:00
645,1579021200000,4.64e-06,4.64e-06,4.59e-06,4.63e-06,66946.0,2020-01-14 17:00:00
646,1579017600000,4.61e-06,4.64e-06,4.6e-06,4.64e-06,55347.0,2020-01-14 16:00:00
647,1579014000000,4.63e-06,4.64e-06,4.55e-06,4.61e-06,227495.0,2020-01-14 15:00:00
648,1579010400000,4.67e-06,4.67e-06,4.6e-06,4.63e-06,157398.0,2020-01-14 14:00:00
649,1579006800000,4.68e-06,4.68e-06,4.66e-06,4.67e-06,2536.0,2020-01-14 13:00:00
650,1579003200000,4.68e-06,4.68e-06,4.67e-06,4.68e-06,2999.0,2020-01-14 12:00:00
651,1578999600000,4.69e-06,4.69e-06,4.65e-06,4.68e-06,39345.0,2020-01-14 11:00:00
652,1578996000000,4.7e-06,4.72e-06,4.7e-06,4.71e-06,49242.0,2020-01-14 10:00:00
653,1578992400000,4.72e-06,4.72e-06,4.68e-06,4.71e-06,29641.0,2020-01-14 09:00:00
654,1578988800000,4.69e-06,4.72e-06,4.66e-06,4.72e-06,49174.0,2020-01-14 08:00:00
655,1578985200000,4.67e-06,4.74e-06,4.67e-06,4.69e-06,71447.0,2020-01-14 07:00:00
656,1578981600000,4.69e-06,4.69e-06,4.66e-06,4.68e-06,15705.0,2020-01-14 06:00:00
657,1578978000000,4.69e-06,4.7e-06,4.66e-06,4.69e-06,17161.0,2020-01-14 05:00:00
658,1578974400000,4.72e-06,4.75e-06,4.68e-06,4.69e-06,190955.0,2020-01-14 04:00:00
659,1578970800000,4.7e-06,4.72e-06,4.7e-06,4.72e-06,21937.0,2020-01-14 03:00:00
660,1578967200000,4.66e-06,4.71e-06,4.65e-06,4.71e-06,107620.0,2020-01-14 02:00:00
661,1578963600000,4.79e-06,4.79e-06,4.63e-06,4.66e-06,428219.0,2020-01-14 01:00:00
662,1578960000000,4.79e-06,4.82e-06,4.76e-06,4.79e-06,38602.0,2020-01-14 00:00:00
663,1578956400000,4.79e-06,4.85e-06,4.77e-06,4.79e-06,248772.0,2020-01-13 23:00:00
664,1578952800000,4.79e-06,4.81e-06,4.78e-06,4.8e-06,69875.0,2020-01-13 22:00:00
665,1578949200000,4.85e-06,4.85e-06,4.69e-06,4.79e-06,1042898.0,2020-01-13 21:00:00
666,1578945600000,4.91e-06,4.91e-06,4.83e-06,4.86e-06,511172.0,2020-01-13 20:00:00
667,1578942000000,4.91e-06,4.95e-06,4.9e-06,4.91e-06,151039.0,2020-01-13 19:00:00
668,1578938400000,4.98e-06,4.98e-06,4.88e-06,4.91e-06,624438.0,2020-01-13 18:00:00
669,1578934800000,5e-06,5.01e-06,4.98e-06,4.98e-06,3511.0,2020-01-13 17:00:00
670,1578931200000,4.97e-06,5.01e-06,4.97e-06,5e-06,19335.0,2020-01-13 16:00:00
671,1578927600000,5e-06,5.01e-06,4.96e-06,4.99e-06,27715.0,2020-01-13 15:00:00
672,1578924000000,5e-06,5.03e-06,4.97e-06,4.97e-06,55062.0,2020-01-13 14:00:00
673,1578920400000,4.98e-06,5.02e-06,4.97e-06,5.02e-06,46682.0,2020-01-13 13:00:00
674,1578916800000,4.96e-06,4.98e-06,4.96e-06,4.97e-06,12772.0,2020-01-13 12:00:00
675,1578913200000,4.97e-06,4.98e-06,4.93e-06,4.96e-06,12994.0,2020-01-13 11:00:00
676,1578909600000,4.96e-06,5e-06,4.95e-06,4.97e-06,45520.0,2020-01-13 10:00:00
677,1578906000000,4.98e-06,4.98e-06,4.95e-06,4.97e-06,14953.0,2020-01-13 09:00:00
678,1578902400000,4.92e-06,5e-06,4.92e-06,4.95e-06,117385.0,2020-01-13 08:00:00
679,1578898800000,4.92e-06,4.92e-06,4.92e-06,4.92e-06,607.0,2020-01-13 07:00:00
680,1578895200000,4.92e-06,4.93e-06,4.9e-06,4.92e-06,3123.0,2020-01-13 06:00:00
681,1578891600000,4.92e-06,4.93e-06,4.89e-06,4.92e-06,27569.0,2020-01-13 05:00:00
682,1578888000000,4.93e-06,4.93e-06,4.92e-06,4.92e-06,2505.0,2020-01-13 04:00:00
683,1578884400000,4.92e-06,4.92e-06,4.92e-06,4.92e-06,0.0,2020-01-13 03:00:00
684,1578880800000,4.95e-06,4.96e-06,4.92e-06,4.92e-06,11756.0,2020-01-13 02:00:00
685,1578877200000,4.96e-06,4.99e-06,4.92e-06,4.92e-06,37129.0,2020-01-13 01:00:00
686,1578873600000,4.95e-06,4.97e-06,4.93e-06,4.94e-06,12958.0,2020-01-13 00:00:00
687,1578870000000,4.93e-06,4.96e-06,4.93e-06,4.94e-06,20995.0,2020-01-12 23:00:00
688,1578866400000,4.95e-06,4.97e-06,4.91e-06,4.95e-06,34040.0,2020-01-12 22:00:00
689,1578862800000,4.91e-06,4.97e-06,4.91e-06,4.95e-06,30063.0,2020-01-12 21:00:00
690,1578859200000,4.9e-06,4.95e-06,4.9e-06,4.91e-06,36115.0,2020-01-12 20:00:00
691,1578855600000,4.91e-06,4.92e-06,4.9e-06,4.9e-06,7689.0,2020-01-12 19:00:00
692,1578852000000,4.89e-06,4.94e-06,4.89e-06,4.93e-06,15358.0,2020-01-12 18:00:00
693,1578848400000,4.9e-06,4.9e-06,4.87e-06,4.87e-06,22091.0,2020-01-12 17:00:00
694,1578844800000,4.85e-06,4.93e-06,4.85e-06,4.89e-06,203272.0,2020-01-12 16:00:00
695,1578841200000,4.83e-06,4.85e-06,4.83e-06,4.83e-06,2272.0,2020-01-12 15:00:00
696,1578837600000,4.85e-06,4.85e-06,4.83e-06,4.83e-06,5626.0,2020-01-12 14:00:00
697,1578834000000,4.82e-06,4.84e-06,4.81e-06,4.84e-06,3659.0,2020-01-12 13:00:00
698,1578830400000,4.82e-06,4.82e-06,4.81e-06,4.82e-06,4479.0,2020-01-12 12:00:00
699,1578826800000,4.83e-06,4.84e-06,4.82e-06,4.82e-06,28710.0,2020-01-12 11:00:00
700,1578823200000,4.82e-06,4.83e-06,4.81e-06,4.81e-06,9039.0,2020-01-12 10:00:00
701,1578819600000,4.81e-06,4.83e-06,4.8e-06,4.81e-06,1356.0,2020-01-12 09:00:00
702,1578816000000,4.85e-06,4.85e-06,4.8e-06,4.83e-06,27233.0,2020-01-12 08:00:00
703,1578812400000,4.84e-06,4.84e-06,4.84e-06,4.84e-06,0.0,2020-01-12 07:00:00
704,1578808800000,4.84e-06,4.87e-06,4.83e-06,4.84e-06,36035.0,2020-01-12 06:00:00
705,1578805200000,4.86e-06,4.88e-06,4.86e-06,4.88e-06,1382.0,2020-01-12 05:00:00
706,1578801600000,4.87e-06,4.87e-06,4.87e-06,4.87e-06,0.0,2020-01-12 04:00:00
707,1578798000000,4.83e-06,4.87e-06,4.83e-06,4.87e-06,31583.0,2020-01-12 03:00:00
708,1578794400000,4.81e-06,4.82e-06,4.81e-06,4.82e-06,322.0,2020-01-12 02:00:00
709,1578790800000,4.83e-06,4.83e-06,4.81e-06,4.81e-06,10125.0,2020-01-12 01:00:00
710,1578787200000,4.85e-06,4.86e-06,4.81e-06,4.81e-06,68414.0,2020-01-12 00:00:00
711,1578783600000,4.85e-06,4.85e-06,4.85e-06,4.85e-06,5536.0,2020-01-11 23:00:00
712,1578780000000,4.83e-06,4.86e-06,4.81e-06,4.85e-06,8921.0,2020-01-11 22:00:00
713,1578776400000,4.89e-06,4.89e-06,4.83e-06,4.83e-06,19117.0,2020-01-11 21:00:00
714,1578772800000,4.88e-06,4.9e-06,4.88e-06,4.88e-06,12445.0,2020-01-11 20:00:00
715,1578769200000,4.89e-06,4.9e-06,4.88e-06,4.88e-06,5923.0,2020-01-11 19:00:00
716,1578765600000,4.88e-06,4.89e-06,4.86e-06,4.89e-06,109579.0,2020-01-11 18:00:00
717,1578762000000,4.83e-06,4.88e-06,4.81e-06,4.87e-06,85637.0,2020-01-11 17:00:00
718,1578758400000,4.85e-06,4.86e-06,4.81e-06,4.82e-06,26087.0,2020-01-11 16:00:00
719,1578754800000,4.84e-06,4.85e-06,4.83e-06,4.85e-06,4558.0,2020-01-11 15:00:00
720,1578751200000,4.85e-06,4.86e-06,4.84e-06,4.85e-06,8495.0,2020-01-11 14:00:00
721,1578747600000,4.87e-06,4.87e-06,4.86e-06,4.86e-06,2388.0,2020-01-11 13:00:00
722,1578744000000,4.87e-06,4.87e-06,4.84e-06,4.84e-06,1186.0,2020-01-11 12:00:00
723,1578740400000,4.86e-06,4.86e-06,4.84e-06,4.86e-06,14403.0,2020-01-11 11:00:00
724,1578736800000,4.85e-06,4.86e-06,4.85e-06,4.86e-06,4760.0,2020-01-11 10:00:00
725,1578733200000,4.83e-06,4.85e-06,4.83e-06,4.85e-06,66857.0,2020-01-11 09:00:00
726,1578729600000,4.83e-06,4.83e-06,4.83e-06,4.83e-06,321.0,2020-01-11 08:00:00
727,1578726000000,4.84e-06,4.84e-06,4.8e-06,4.8e-06,43619.0,2020-01-11 07:00:00
728,1578722400000,4.85e-06,4.86e-06,4.84e-06,4.84e-06,6437.0,2020-01-11 06:00:00
729,1578718800000,4.81e-06,4.87e-06,4.81e-06,4.85e-06,28535.0,2020-01-11 05:00:00
730,1578715200000,4.83e-06,4.84e-06,4.83e-06,4.84e-06,4372.0,2020-01-11 04:00:00
731,1578711600000,4.82e-06,4.82e-06,4.82e-06,4.82e-06,0.0,2020-01-11 03:00:00
732,1578708000000,4.79e-06,4.84e-06,4.78e-06,4.82e-06,74180.0,2020-01-11 02:00:00
733,1578704400000,4.78e-06,4.79e-06,4.77e-06,4.78e-06,50043.0,2020-01-11 01:00:00
734,1578700800000,4.78e-06,4.79e-06,4.78e-06,4.79e-06,17465.0,2020-01-11 00:00:00
735,1578697200000,4.78e-06,4.79e-06,4.76e-06,4.78e-06,93217.0,2020-01-10 23:00:00
736,1578693600000,4.81e-06,4.81e-06,4.78e-06,4.78e-06,8302.0,2020-01-10 22:00:00
737,1578690000000,4.81e-06,4.81e-06,4.78e-06,4.8e-06,17935.0,2020-01-10 21:00:00
738,1578686400000,4.82e-06,4.82e-06,4.79e-06,4.79e-06,995.0,2020-01-10 20:00:00
739,1578682800000,4.81e-06,4.83e-06,4.8e-06,4.83e-06,17140.0,2020-01-10 19:00:00
740,1578679200000,4.84e-06,4.85e-06,4.79e-06,4.81e-06,91076.0,2020-01-10 18:00:00
741,1578675600000,4.83e-06,4.85e-06,4.83e-06,4.84e-06,19942.0,2020-01-10 17:00:00
742,1578672000000,4.81e-06,4.84e-06,4.77e-06,4.84e-06,79387.0,2020-01-10 16:00:00
743,1578668400000,4.9e-06,4.9e-06,4.75e-06,4.81e-06,364791.0,2020-01-10 15:00:00
744,1578664800000,4.91e-06,4.91e-06,4.89e-06,4.89e-06,19111.0,2020-01-10 14:00:00
745,1578661200000,5.02e-06,5.02e-06,4.87e-06,4.9e-06,232911.0,2020-01-10 13:00:00
746,1578657600000,5.02e-06,5.05e-06,5.01e-06,5.02e-06,70521.0,2020-01-10 12:00:00
747,1578654000000,5.05e-06,5.06e-06,5.03e-06,5.03e-06,75236.0,2020-01-10 11:00:00
748,1578650400000,4.97e-06,5.15e-06,4.97e-06,5.06e-06,367398.0,2020-01-10 10:00:00
749,1578646800000,4.98e-06,5.01e-06,4.95e-06,4.98e-06,47730.0,2020-01-10 09:00:00
750,1578643200000,4.98e-06,5e-06,4.98e-06,4.99e-06,13816.0,2020-01-10 08:00:00
751,1578639600000,4.98e-06,4.99e-06,4.97e-06,4.99e-06,4897.0,2020-01-10 07:00:00
752,1578636000000,4.97e-06,4.99e-06,4.97e-06,4.98e-06,23338.0,2020-01-10 06:00:00
753,1578632400000,4.95e-06,4.98e-06,4.95e-06,4.97e-06,40859.0,2020-01-10 05:00:00
754,1578628800000,4.89e-06,4.95e-06,4.89e-06,4.95e-06,90015.0,2020-01-10 04:00:00
755,1578625200000,4.87e-06,4.9e-06,4.86e-06,4.9e-06,11743.0,2020-01-10 03:00:00
756,1578621600000,4.87e-06,4.87e-06,4.87e-06,4.87e-06,28.0,2020-01-10 02:00:00
757,1578618000000,4.86e-06,4.86e-06,4.86e-06,4.86e-06,2011.0,2020-01-10 01:00:00
758,1578614400000,4.89e-06,4.89e-06,4.86e-06,4.86e-06,1781.0,2020-01-10 00:00:00
759,1578610800000,4.86e-06,4.88e-06,4.86e-06,4.87e-06,10943.0,2020-01-09 23:00:00
760,1578607200000,4.86e-06,4.86e-06,4.84e-06,4.84e-06,12537.0,2020-01-09 22:00:00
761,1578603600000,4.85e-06,4.86e-06,4.85e-06,4.86e-06,48480.0,2020-01-09 21:00:00
762,1578600000000,4.9e-06,4.91e-06,4.8e-06,4.85e-06,108756.0,2020-01-09 20:00:00
763,1578596400000,4.93e-06,4.95e-06,4.91e-06,4.91e-06,13248.0,2020-01-09 19:00:00
764,1578592800000,4.91e-06,4.95e-06,4.9e-06,4.94e-06,76856.0,2020-01-09 18:00:00
765,1578589200000,4.89e-06,4.91e-06,4.86e-06,4.91e-06,64123.0,2020-01-09 17:00:00
766,1578585600000,4.89e-06,4.9e-06,4.82e-06,4.88e-06,151119.0,2020-01-09 16:00:00
767,1578582000000,4.89e-06,4.89e-06,4.88e-06,4.88e-06,974.0,2020-01-09 15:00:00
768,1578578400000,4.86e-06,4.94e-06,4.86e-06,4.89e-06,177564.0,2020-01-09 14:00:00
769,1578574800000,4.86e-06,4.87e-06,4.85e-06,4.86e-06,65796.0,2020-01-09 13:00:00
770,1578571200000,4.84e-06,4.86e-06,4.83e-06,4.85e-06,95884.0,2020-01-09 12:00:00
771,1578567600000,4.83e-06,4.84e-06,4.82e-06,4.84e-06,54539.0,2020-01-09 11:00:00
772,1578564000000,4.82e-06,4.83e-06,4.82e-06,4.83e-06,94962.0,2020-01-09 10:00:00
773,1578560400000,4.83e-06,4.83e-06,4.81e-06,4.81e-06,34522.0,2020-01-09 09:00:00
774,1578556800000,4.82e-06,4.83e-06,4.82e-06,4.83e-06,8688.0,2020-01-09 08:00:00
775,1578553200000,4.82e-06,4.82e-06,4.82e-06,4.82e-06,7854.0,2020-01-09 07:00:00
776,1578549600000,4.81e-06,4.82e-06,4.81e-06,4.82e-06,33003.0,2020-01-09 06:00:00
777,1578546000000,4.81e-06,4.82e-06,4.8e-06,4.81e-06,7477.0,2020-01-09 05:00:00
778,1578542400000,4.81e-06,4.82e-06,4.81e-06,4.82e-06,51065.0,2020-01-09 04:00:00
779,1578538800000,4.81e-06,4.81e-06,4.81e-06,4.81e-06,2007.0,2020-01-09 03:00:00
780,1578535200000,4.81e-06,4.81e-06,4.81e-06,4.81e-06,139.0,2020-01-09 02:00:00
781,1578531600000,4.81e-06,4.83e-06,4.79e-06,4.8e-06,15155.0,2020-01-09 01:00:00
782,1578528000000,4.81e-06,4.82e-06,4.81e-06,4.81e-06,4715.0,2020-01-09 00:00:00
783,1578524400000,4.8e-06,4.81e-06,4.78e-06,4.81e-06,12583.0,2020-01-08 23:00:00
784,1578520800000,4.79e-06,4.83e-06,4.79e-06,4.83e-06,49565.0,2020-01-08 22:00:00
785,1578517200000,4.79e-06,4.8e-06,4.79e-06,4.8e-06,2450.0,2020-01-08 21:00:00
786,1578513600000,4.79e-06,4.81e-06,4.76e-06,4.78e-06,100054.0,2020-01-08 20:00:00
787,1578510000000,4.81e-06,4.81e-06,4.8e-06,4.8e-06,17245.0,2020-01-08 19:00:00
788,1578506400000,4.8e-06,4.82e-06,4.79e-06,4.8e-06,37951.0,2020-01-08 18:00:00
789,1578502800000,4.66e-06,4.81e-06,4.66e-06,4.79e-06,243740.0,2020-01-08 17:00:00
790,1578499200000,4.59e-06,4.68e-06,4.59e-06,4.68e-06,192737.0,2020-01-08 16:00:00
791,1578495600000,4.64e-06,4.67e-06,4.51e-06,4.62e-06,271673.0,2020-01-08 15:00:00
792,1578492000000,4.59e-06,4.64e-06,4.59e-06,4.62e-06,57411.0,2020-01-08 14:00:00
793,1578488400000,4.68e-06,4.68e-06,4.58e-06,4.59e-06,89254.0,2020-01-08 13:00:00
794,1578484800000,4.64e-06,4.7e-06,4.63e-06,4.66e-06,75114.0,2020-01-08 12:00:00
795,1578481200000,4.64e-06,4.66e-06,4.63e-06,4.65e-06,11029.0,2020-01-08 11:00:00
796,1578477600000,4.7e-06,4.71e-06,4.6e-06,4.64e-06,138879.0,2020-01-08 10:00:00
797,1578474000000,4.71e-06,4.71e-06,4.68e-06,4.71e-06,19869.0,2020-01-08 09:00:00
798,1578470400000,4.68e-06,4.71e-06,4.67e-06,4.71e-06,55142.0,2020-01-08 08:00:00
799,1578466800000,4.7e-06,4.71e-06,4.67e-06,4.7e-06,103826.0,2020-01-08 07:00:00
800,1578463200000,4.72e-06,4.72e-06,4.7e-06,4.71e-06,69251.0,2020-01-08 06:00:00
801,1578459600000,4.76e-06,4.81e-06,4.71e-06,4.72e-06,187660.0,2020-01-08 05:00:00
802,1578456000000,4.76e-06,4.79e-06,4.76e-06,4.79e-06,21607.0,2020-01-08 04:00:00
803,1578452400000,4.76e-06,4.77e-06,4.76e-06,4.77e-06,2870.0,2020-01-08 03:00:00
804,1578448800000,4.75e-06,4.77e-06,4.74e-06,4.76e-06,10897.0,2020-01-08 02:00:00
805,1578445200000,4.76e-06,4.78e-06,4.72e-06,4.76e-06,30115.0,2020-01-08 01:00:00
806,1578441600000,4.86e-06,4.86e-06,4.73e-06,4.76e-06,155036.0,2020-01-08 00:00:00
807,1578438000000,4.89e-06,4.91e-06,4.86e-06,4.86e-06,25747.0,2020-01-07 23:00:00
808,1578434400000,4.9e-06,4.95e-06,4.88e-06,4.88e-06,70912.0,2020-01-07 22:00:00
809,1578430800000,4.89e-06,4.92e-06,4.83e-06,4.91e-06,172309.0,2020-01-07 21:00:00
810,1578427200000,4.92e-06,4.92e-06,4.89e-06,4.89e-06,39299.0,2020-01-07 20:00:00
811,1578423600000,4.9e-06,4.93e-06,4.88e-06,4.91e-06,115328.0,2020-01-07 19:00:00
812,1578420000000,5.07e-06,5.1e-06,4.82e-06,4.89e-06,767138.0,2020-01-07 18:00:00
813,1578416400000,5.15e-06,5.16e-06,5.05e-06,5.1e-06,76463.0,2020-01-07 17:00:00
814,1578412800000,5.13e-06,5.13e-06,5.11e-06,5.13e-06,17098.0,2020-01-07 16:00:00
815,1578409200000,5.1e-06,5.14e-06,5.1e-06,5.12e-06,50091.0,2020-01-07 15:00:00
816,1578405600000,5.07e-06,5.1e-06,5.05e-06,5.1e-06,53477.0,2020-01-07 14:00:00
817,1578402000000,5.08e-06,5.1e-06,5.08e-06,5.1e-06,49335.0,2020-01-07 13:00:00
818,1578398400000,5.08e-06,5.08e-06,5.07e-06,5.07e-06,13207.0,2020-01-07 12:00:00
819,1578394800000,5.08e-06,5.12e-06,5.06e-06,5.08e-06,62258.0,2020-01-07 11:00:00
820,1578391200000,5.07e-06,5.09e-06,5.07e-06,5.08e-06,8066.0,2020-01-07 10:00:00
821,1578387600000,5.1e-06,5.13e-06,5.06e-06,5.07e-06,13378.0,2020-01-07 09:00:00
822,1578384000000,5.07e-06,5.12e-06,5.04e-06,5.12e-06,182505.0,2020-01-07 08:00:00
823,1578380400000,5.07e-06,5.08e-06,5.05e-06,5.05e-06,8486.0,2020-01-07 07:00:00
824,1578376800000,5.1e-06,5.1e-06,5.03e-06,5.05e-06,321111.0,2020-01-07 06:00:00
825,1578373200000,5.09e-06,5.13e-06,5.09e-06,5.09e-06,43253.0,2020-01-07 05:00:00
826,1578369600000,5.09e-06,5.1e-06,5.09e-06,5.09e-06,5821.0,2020-01-07 04:00:00
827,1578366000000,5.07e-06,5.1e-06,5.07e-06,5.1e-06,18233.0,2020-01-07 03:00:00
828,1578362400000,5.1e-06,5.11e-06,5.07e-06,5.07e-06,28904.0,2020-01-07 02:00:00
829,1578358800000,5.09e-06,5.1e-06,5.05e-06,5.1e-06,41953.0,2020-01-07 01:00:00
830,1578355200000,5.22e-06,5.22e-06,5.05e-06,5.08e-06,238213.0,2020-01-07 00:00:00
831,1578351600000,5.25e-06,5.25e-06,5.19e-06,5.23e-06,199532.0,2020-01-06 23:00:00
832,1578348000000,5.3e-06,5.3e-06,5.25e-06,5.25e-06,70610.0,2020-01-06 22:00:00
833,1578344400000,5.29e-06,5.31e-06,5.28e-06,5.29e-06,10989.0,2020-01-06 21:00:00
834,1578340800000,5.33e-06,5.33e-06,5.29e-06,5.31e-06,47283.0,2020-01-06 20:00:00
835,1578337200000,5.34e-06,5.35e-06,5.31e-06,5.33e-06,28515.0,2020-01-06 19:00:00
836,1578333600000,5.34e-06,5.36e-06,5.3e-06,5.32e-06,51052.0,2020-01-06 18:00:00
837,1578330000000,5.27e-06,5.38e-06,5.27e-06,5.34e-06,108856.0,2020-01-06 17:00:00
838,1578326400000,5.25e-06,5.37e-06,5.24e-06,5.24e-06,167294.0,2020-01-06 16:00:00
839,1578322800000,5.23e-06,5.25e-06,5.22e-06,5.23e-06,18009.0,2020-01-06 15:00:00
840,1578319200000,5.29e-06,5.29e-06,5.22e-06,5.23e-06,11230.0,2020-01-06 14:00:00
841,1578315600000,5.25e-06,5.3e-06,5.24e-06,5.28e-06,43966.0,2020-01-06 13:00:00
842,1578312000000,5.23e-06,5.25e-06,5.22e-06,5.25e-06,8016.0,2020-01-06 12:00:00
843,1578308400000,5.29e-06,5.29e-06,5.21e-06,5.23e-06,243290.0,2020-01-06 11:00:00
844,1578304800000,5.29e-06,5.3e-06,5.27e-06,5.28e-06,35441.0,2020-01-06 10:00:00
845,1578301200000,5.31e-06,5.33e-06,5.25e-06,5.29e-06,153416.0,2020-01-06 09:00:00
846,1578297600000,5.33e-06,5.36e-06,5.3e-06,5.3e-06,306470.0,2020-01-06 08:00:00
847,1578294000000,5.24e-06,5.37e-06,5.23e-06,5.31e-06,484942.0,2020-01-06 07:00:00
848,1578290400000,5.16e-06,5.28e-06,5.15e-06,5.24e-06,288338.0,2020-01-06 06:00:00
849,1578286800000,5.17e-06,5.17e-06,5.16e-06,5.17e-06,105560.0,2020-01-06 05:00:00
850,1578283200000,5.19e-06,5.19e-06,5.16e-06,5.17e-06,16013.0,2020-01-06 04:00:00
851,1578279600000,5.18e-06,5.18e-06,5.17e-06,5.17e-06,9990.0,2020-01-06 03:00:00
852,1578276000000,5.25e-06,5.25e-06,5.17e-06,5.19e-06,65295.0,2020-01-06 02:00:00
853,1578272400000,5.26e-06,5.26e-06,5.26e-06,5.26e-06,3928.0,2020-01-06 01:00:00
854,1578268800000,5.26e-06,5.26e-06,5.24e-06,5.26e-06,703.0,2020-01-06 00:00:00
855,1578265200000,5.25e-06,5.26e-06,5.25e-06,5.26e-06,1115.0,2020-01-05 23:00:00
856,1578261600000,5.24e-06,5.25e-06,5.24e-06,5.25e-06,2664.0,2020-01-05 22:00:00
857,1578258000000,5.22e-06,5.26e-06,5.22e-06,5.23e-06,21762.0,2020-01-05 21:00:00
858,1578254400000,5.18e-06,5.24e-06,5.18e-06,5.22e-06,50659.0,2020-01-05 20:00:00
859,1578250800000,5.21e-06,5.21e-06,5.19e-06,5.19e-06,32077.0,2020-01-05 19:00:00
860,1578247200000,5.2e-06,5.25e-06,5.2e-06,5.21e-06,80684.0,2020-01-05 18:00:00
861,1578243600000,5.2e-06,5.2e-06,5.18e-06,5.2e-06,40224.0,2020-01-05 17:00:00
862,1578240000000,5.19e-06,5.2e-06,5.17e-06,5.2e-06,20672.0,2020-01-05 16:00:00
863,1578236400000,5.2e-06,5.2e-06,5.18e-06,5.18e-06,1586.0,2020-01-05 15:00:00
864,1578232800000,5.19e-06,5.2e-06,5.19e-06,5.2e-06,758.0,2020-01-05 14:00:00
865,1578229200000,5.19e-06,5.19e-06,5.19e-06,5.19e-06,929.0,2020-01-05 13:00:00
866,1578225600000,5.23e-06,5.23e-06,5.18e-06,5.18e-06,11729.0,2020-01-05 12:00:00
867,1578222000000,5.18e-06,5.23e-06,5.17e-06,5.23e-06,34174.0,2020-01-05 11:00:00
868,1578218400000,5.19e-06,5.21e-06,5.16e-06,5.18e-06,145120.0,2020-01-05 10:00:00
869,1578214800000,5.15e-06,5.19e-06,5.15e-06,5.19e-06,35537.0,2020-01-05 09:00:00
870,1578211200000,5.15e-06,5.16e-06,5.15e-06,5.16e-06,11528.0,2020-01-05 08:00:00
871,1578207600000,5.17e-06,5.17e-06,5.12e-06,5.16e-06,13433.0,2020-01-05 07:00:00
872,1578204000000,5.17e-06,5.19e-06,5.14e-06,5.15e-06,70220.0,2020-01-05 06:00:00
873,1578200400000,5.17e-06,5.17e-06,5.16e-06,5.17e-06,4025.0,2020-01-05 05:00:00
874,1578196800000,5.18e-06,5.2e-06,5.18e-06,5.19e-06,9913.0,2020-01-05 04:00:00
875,1578193200000,5.17e-06,5.18e-06,5.17e-06,5.18e-06,14271.0,2020-01-05 03:00:00
876,1578189600000,5.18e-06,5.19e-06,5.15e-06,5.17e-06,87785.0,2020-01-05 02:00:00
877,1578186000000,5.23e-06,5.23e-06,5.18e-06,5.18e-06,75486.0,2020-01-05 01:00:00
878,1578182400000,5.23e-06,5.24e-06,5.23e-06,5.24e-06,2969.0,2020-01-05 00:00:00
879,1578178800000,5.23e-06,5.25e-06,5.23e-06,5.25e-06,39503.0,2020-01-04 23:00:00
880,1578175200000,5.23e-06,5.24e-06,5.22e-06,5.23e-06,20007.0,2020-01-04 22:00:00
881,1578171600000,5.26e-06,5.26e-06,5.22e-06,5.22e-06,23171.0,2020-01-04 21:00:00
882,1578168000000,5.27e-06,5.27e-06,5.26e-06,5.26e-06,2035.0,2020-01-04 20:00:00
883,1578164400000,5.25e-06,5.28e-06,5.25e-06,5.27e-06,62680.0,2020-01-04 19:00:00
884,1578160800000,5.25e-06,5.26e-06,5.25e-06,5.25e-06,8800.0,2020-01-04 18:00:00
885,1578157200000,5.22e-06,5.26e-06,5.21e-06,5.26e-06,63007.0,2020-01-04 17:00:00
886,1578153600000,5.26e-06,5.26e-06,5.22e-06,5.23e-06,22201.0,2020-01-04 16:00:00
887,1578150000000,5.34e-06,5.4e-06,5.16e-06,5.25e-06,1281672.0,2020-01-04 15:00:00
888,1578146400000,5.33e-06,5.4e-06,5.31e-06,5.37e-06,260952.0,2020-01-04 14:00:00
889,1578142800000,5.35e-06,5.35e-06,5.31e-06,5.32e-06,62357.0,2020-01-04 13:00:00
890,1578139200000,5.23e-06,5.37e-06,5.21e-06,5.34e-06,1146236.0,2020-01-04 12:00:00
891,1578135600000,5.24e-06,5.25e-06,5.23e-06,5.24e-06,82034.0,2020-01-04 11:00:00
892,1578132000000,5.26e-06,5.33e-06,5.24e-06,5.24e-06,169449.0,2020-01-04 10:00:00
893,1578128400000,5.23e-06,5.27e-06,5.22e-06,5.26e-06,30694.0,2020-01-04 09:00:00
894,1578124800000,5.25e-06,5.25e-06,5.2e-06,5.21e-06,41337.0,2020-01-04 08:00:00
895,1578121200000,5.25e-06,5.33e-06,5.23e-06,5.27e-06,705777.0,2020-01-04 07:00:00
896,1578117600000,5.22e-06,5.22e-06,5.22e-06,5.22e-06,2235.0,2020-01-04 06:00:00
897,1578114000000,5.23e-06,5.25e-06,5.21e-06,5.22e-06,28499.0,2020-01-04 05:00:00
898,1578110400000,5.22e-06,5.22e-06,5.22e-06,5.22e-06,2825.0,2020-01-04 04:00:00
899,1578106800000,5.19e-06,5.19e-06,5.19e-06,5.19e-06,0.0,2020-01-04 03:00:00
900,1578103200000,5.19e-06,5.19e-06,5.19e-06,5.19e-06,0.0,2020-01-04 02:00:00
901,1578099600000,5.22e-06,5.22e-06,5.19e-06,5.19e-06,285.0,2020-01-04 01:00:00
902,1578096000000,5.22e-06,5.22e-06,5.22e-06,5.22e-06,10616.0,2020-01-04 00:00:00
903,1578092400000,5.22e-06,5.22e-06,5.22e-06,5.22e-06,2995.0,2020-01-03 23:00:00
904,1578088800000,5.21e-06,5.22e-06,5.15e-06,5.18e-06,40340.0,2020-01-03 22:00:00
905,1578085200000,5.18e-06,5.21e-06,5.16e-06,5.21e-06,38332.0,2020-01-03 21:00:00
906,1578081600000,5.19e-06,5.2e-06,5.17e-06,5.17e-06,46236.0,2020-01-03 20:00:00
907,1578078000000,5.18e-06,5.19e-06,5.17e-06,5.19e-06,21537.0,2020-01-03 19:00:00
908,1578074400000,5.19e-06,5.19e-06,5.19e-06,5.19e-06,115.0,2020-01-03 18:00:00
909,1578070800000,5.18e-06,5.2e-06,5.18e-06,5.2e-06,12961.0,2020-01-03 17:00:00
910,1578067200000,5.22e-06,5.22e-06,5.18e-06,5.21e-06,33919.0,2020-01-03 16:00:00
911,1578063600000,5.22e-06,5.26e-06,5.21e-06,5.21e-06,25320.0,2020-01-03 15:00:00
912,1578060000000,5.21e-06,5.24e-06,5.21e-06,5.22e-06,5009.0,2020-01-03 14:00:00
913,1578056400000,5.21e-06,5.21e-06,5.18e-06,5.21e-06,3155.0,2020-01-03 13:00:00
914,1578052800000,5.21e-06,5.21e-06,5.21e-06,5.21e-06,468.0,2020-01-03 12:00:00
915,1578049200000,5.2e-06,5.21e-06,5.17e-06,5.21e-06,34622.0,2020-01-03 11:00:00
916,1578045600000,5.2e-06,5.24e-06,5.2e-06,5.2e-06,18192.0,2020-01-03 10:00:00
917,1578042000000,5.23e-06,5.24e-06,5.2e-06,5.2e-06,60535.0,2020-01-03 09:00:00
918,1578038400000,5.25e-06,5.27e-06,5.21e-06,5.21e-06,52073.0,2020-01-03 08:00:00
919,1578034800000,5.22e-06,5.22e-06,5.21e-06,5.21e-06,2834.0,2020-01-03 07:00:00
920,1578031200000,5.25e-06,5.3e-06,5.21e-06,5.21e-06,190510.0,2020-01-03 06:00:00
921,1578027600000,5.28e-06,5.28e-06,5.2e-06,5.2e-06,47634.0,2020-01-03 05:00:00
922,1578024000000,5.26e-06,5.28e-06,5.23e-06,5.23e-06,31980.0,2020-01-03 04:00:00
923,1578020400000,5.26e-06,5.26e-06,5.26e-06,5.26e-06,69.0,2020-01-03 03:00:00
924,1578016800000,5.29e-06,5.3e-06,5.26e-06,5.26e-06,16628.0,2020-01-03 02:00:00
925,1578013200000,5.24e-06,5.3e-06,5.23e-06,5.3e-06,19118.0,2020-01-03 01:00:00
926,1578009600000,5.27e-06,5.27e-06,5.27e-06,5.27e-06,7555.0,2020-01-03 00:00:00
927,1578006000000,5.27e-06,5.27e-06,5.27e-06,5.27e-06,1520.0,2020-01-02 23:00:00
928,1578002400000,5.27e-06,5.29e-06,5.23e-06,5.27e-06,10393.0,2020-01-02 22:00:00
929,1577998800000,5.28e-06,5.29e-06,5.23e-06,5.27e-06,50060.0,2020-01-02 21:00:00
930,1577995200000,5.28e-06,5.28e-06,5.26e-06,5.27e-06,15518.0,2020-01-02 20:00:00
931,1577991600000,5.27e-06,5.29e-06,5.25e-06,5.28e-06,12420.0,2020-01-02 19:00:00
932,1577988000000,5.29e-06,5.29e-06,5.26e-06,5.26e-06,20502.0,2020-01-02 18:00:00
933,1577984400000,5.27e-06,5.3e-06,5.24e-06,5.26e-06,66466.0,2020-01-02 17:00:00
934,1577980800000,5.28e-06,5.3e-06,5.23e-06,5.27e-06,55487.0,2020-01-02 16:00:00
935,1577977200000,5.29e-06,5.29e-06,5.28e-06,5.28e-06,7159.0,2020-01-02 15:00:00
936,1577973600000,5.31e-06,5.31e-06,5.28e-06,5.28e-06,19159.0,2020-01-02 14:00:00
937,1577970000000,5.25e-06,5.29e-06,5.25e-06,5.29e-06,35367.0,2020-01-02 13:00:00
938,1577966400000,5.28e-06,5.29e-06,5.24e-06,5.25e-06,42767.0,2020-01-02 12:00:00
939,1577962800000,5.25e-06,5.29e-06,5.25e-06,5.29e-06,21190.0,2020-01-02 11:00:00
940,1577959200000,5.28e-06,5.28e-06,5.25e-06,5.26e-06,42563.0,2020-01-02 10:00:00
941,1577955600000,5.31e-06,5.31e-06,5.28e-06,5.28e-06,1961.0,2020-01-02 09:00:00
942,1577952000000,5.3e-06,5.3e-06,5.26e-06,5.3e-06,4693.0,2020-01-02 08:00:00
943,1577948400000,5.29e-06,5.3e-06,5.29e-06,5.3e-06,27798.0,2020-01-02 07:00:00
944,1577944800000,5.28e-06,5.3e-06,5.25e-06,5.3e-06,53735.0,2020-01-02 06:00:00
945,1577941200000,5.26e-06,5.28e-06,5.25e-06,5.28e-06,55789.0,2020-01-02 05:00:00
946,1577937600000,5.27e-06,5.27e-06,5.26e-06,5.26e-06,15522.0,2020-01-02 04:00:00
947,1577934000000,5.26e-06,5.27e-06,5.26e-06,5.27e-06,9906.0,2020-01-02 03:00:00
948,1577930400000,5.24e-06,5.26e-06,5.24e-06,5.26e-06,10213.0,2020-01-02 02:00:00
949,1577926800000,5.26e-06,5.27e-06,5.24e-06,5.25e-06,27184.0,2020-01-02 01:00:00
950,1577923200000,5.25e-06,5.27e-06,5.24e-06,5.24e-06,8329.0,2020-01-02 00:00:00
951,1577919600000,5.25e-06,5.25e-06,5.25e-06,5.25e-06,35329.0,2020-01-01 23:00:00
952,1577916000000,5.29e-06,5.3e-06,5.22e-06,5.25e-06,251633.0,2020-01-01 22:00:00
953,1577912400000,5.3e-06,5.31e-06,5.29e-06,5.29e-06,2788.0,2020-01-01 21:00:00
954,1577908800000,5.29e-06,5.3e-06,5.29e-06,5.3e-06,109014.0,2020-01-01 20:00:00
955,1577905200000,5.3e-06,5.3e-06,5.28e-06,5.29e-06,6549.0,2020-01-01 19:00:00
956,1577901600000,5.3e-06,5.3e-06,5.28e-06,5.3e-06,54092.0,2020-01-01 18:00:00
957,1577898000000,5.29e-06,5.3e-06,5.29e-06,5.3e-06,29145.0,2020-01-01 17:00:00
958,1577894400000,5.3e-06,5.3e-06,5.28e-06,5.3e-06,42653.0,2020-01-01 16:00:00
959,1577890800000,5.29e-06,5.3e-06,5.29e-06,5.3e-06,60499.0,2020-01-01 15:00:00
960,1577887200000,5.27e-06,5.3e-06,5.27e-06,5.29e-06,58146.0,2020-01-01 14:00:00
961,1577883600000,5.33e-06,5.34e-06,5.22e-06,5.26e-06,301814.0,2020-01-01 13:00:00
962,1577880000000,5.34e-06,5.35e-06,5.32e-06,5.33e-06,19051.0,2020-01-01 12:00:00
963,1577876400000,5.34e-06,5.34e-06,5.34e-06,5.34e-06,3827.0,2020-01-01 11:00:00
964,1577872800000,5.36e-06,5.37e-06,5.34e-06,5.34e-06,25310.0,2020-01-01 10:00:00
965,1577869200000,5.33e-06,5.35e-06,5.33e-06,5.34e-06,27022.0,2020-01-01 09:00:00
966,1577865600000,5.31e-06,5.34e-06,5.31e-06,5.32e-06,36899.0,2020-01-01 08:00:00
967,1577862000000,5.3e-06,5.33e-06,5.3e-06,5.31e-06,10591.0,2020-01-01 07:00:00
968,1577858400000,5.31e-06,5.31e-06,5.3e-06,5.31e-06,65704.0,2020-01-01 06:00:00
969,1577854800000,5.3e-06,5.31e-06,5.3e-06,5.31e-06,11389.0,2020-01-01 05:00:00
970,1577851200000,5.32e-06,5.32e-06,5.3e-06,5.3e-06,2704.0,2020-01-01 04:00:00
971,1577847600000,5.3e-06,5.32e-06,5.3e-06,5.32e-06,658.0,2020-01-01 03:00:00
972,1577844000000,5.32e-06,5.32e-06,5.3e-06,5.31e-06,4311.0,2020-01-01 02:00:00
973,1577840400000,5.32e-06,5.32e-06,5.32e-06,5.32e-06,92.0,2020-01-01 01:00:00
974,1577836800000,5.31e-06,5.31e-06,5.3e-06,5.3e-06,8036.0,2020-01-01 00:00:00
975,1577833200000,5.32e-06,5.32e-06,5.31e-06,5.31e-06,1459.0,2019-12-31 23:00:00
976,1577829600000,5.31e-06,5.31e-06,5.31e-06,5.31e-06,2327.0,2019-12-31 22:00:00
977,1577826000000,5.32e-06,5.32e-06,5.3e-06,5.31e-06,8981.0,2019-12-31 21:00:00
978,1577822400000,5.33e-06,5.34e-06,5.32e-06,5.33e-06,7159.0,2019-12-31 20:00:00
979,1577818800000,5.35e-06,5.36e-06,5.33e-06,5.33e-06,16486.0,2019-12-31 19:00:00
980,1577815200000,5.35e-06,5.35e-06,5.32e-06,5.32e-06,2008.0,2019-12-31 18:00:00
981,1577811600000,5.33e-06,5.36e-06,5.31e-06,5.36e-06,45293.0,2019-12-31 17:00:00
982,1577808000000,5.3e-06,5.33e-06,5.29e-06,5.33e-06,38549.0,2019-12-31 16:00:00
983,1577804400000,5.29e-06,5.32e-06,5.2e-06,5.3e-06,93818.0,2019-12-31 15:00:00
984,1577800800000,5.28e-06,5.31e-06,5.23e-06,5.29e-06,129945.0,2019-12-31 14:00:00
985,1577797200000,5.32e-06,5.32e-06,5.32e-06,5.32e-06,2831.0,2019-12-31 13:00:00
986,1577793600000,5.32e-06,5.32e-06,5.32e-06,5.32e-06,3512.0,2019-12-31 12:00:00
987,1577790000000,5.32e-06,5.32e-06,5.29e-06,5.29e-06,10459.0,2019-12-31 11:00:00
988,1577786400000,5.31e-06,5.32e-06,5.31e-06,5.31e-06,5675.0,2019-12-31 10:00:00
989,1577782800000,5.32e-06,5.32e-06,5.29e-06,5.29e-06,10593.0,2019-12-31 09:00:00
990,1577779200000,5.32e-06,5.32e-06,5.31e-06,5.31e-06,5636.0,2019-12-31 08:00:00
991,1577775600000,5.32e-06,5.32e-06,5.32e-06,5.32e-06,0.0,2019-12-31 07:00:00
992,1577772000000,5.32e-06,5.32e-06,5.31e-06,5.32e-06,10450.0,2019-12-31 06:00:00
993,1577768400000,5.32e-06,5.32e-06,5.32e-06,5.32e-06,8953.0,2019-12-31 05:00:00
994,1577764800000,5.32e-06,5.32e-06,5.32e-06,5.32e-06,7702.0,2019-12-31 04:00:00
995,1577761200000,5.32e-06,5.32e-06,5.31e-06,5.32e-06,21264.0,2019-12-31 03:00:00
996,1577757600000,5.32e-06,5.32e-06,5.31e-06,5.32e-06,26995.0,2019-12-31 02:00:00
997,1577754000000,5.34e-06,5.35e-06,5.29e-06,5.29e-06,57393.0,2019-12-31 01:00:00
998,1577750400000,5.36e-06,5.36e-06,5.34e-06,5.35e-06,5133.0,2019-12-31 00:00:00
999,1577746800000,5.34e-06,5.36e-06,5.32e-06,5.36e-06,3166.0,2019-12-30 23:00:00
1000,1577743200000,5.36e-06,5.36e-06,5.36e-06,5.36e-06,149.0,2019-12-30 22:00:00
1001,1577739600000,5.36e-06,5.36e-06,5.35e-06,5.36e-06,4032.0,2019-12-30 21:00:00
1002,1577736000000,5.34e-06,5.37e-06,5.34e-06,5.37e-06,4838.0,2019-12-30 20:00:00
1003,1577732400000,5.37e-06,5.37e-06,5.34e-06,5.36e-06,1416.0,2019-12-30 19:00:00
1004,1577728800000,5.38e-06,5.38e-06,5.31e-06,5.37e-06,178750.0,2019-12-30 18:00:00
1005,1577725200000,5.37e-06,5.4e-06,5.37e-06,5.38e-06,3922.0,2019-12-30 17:00:00
1006,1577721600000,5.4e-06,5.41e-06,5.37e-06,5.37e-06,9290.0,2019-12-30 16:00:00
1007,1577718000000,5.36e-06,5.42e-06,5.34e-06,5.4e-06,204390.0,2019-12-30 15:00:00
1008,1577714400000,5.34e-06,5.36e-06,5.34e-06,5.36e-06,8516.0,2019-12-30 14:00:00
1009,1577710800000,5.36e-06,5.36e-06,5.32e-06,5.35e-06,30561.0,2019-12-30 13:00:00
1010,1577707200000,5.33e-06,5.36e-06,5.33e-06,5.35e-06,10658.0,2019-12-30 12:00:00
1011,1577703600000,5.36e-06,5.37e-06,5.34e-06,5.35e-06,21471.0,2019-12-30 11:00:00
1012,1577700000000,5.33e-06,5.37e-06,5.28e-06,5.37e-06,267977.0,2019-12-30 10:00:00
1013,1577696400000,5.41e-06,5.41e-06,5.31e-06,5.36e-06,216116.0,2019-12-30 09:00:00
1014,1577692800000,5.43e-06,5.44e-06,5.42e-06,5.42e-06,11739.0,2019-12-30 08:00:00
1015,1577689200000,5.43e-06,5.43e-06,5.42e-06,5.43e-06,5495.0,2019-12-30 07:00:00
1016,1577685600000,5.43e-06,5.43e-06,5.41e-06,5.43e-06,6825.0,2019-12-30 06:00:00
1017,1577682000000,5.42e-06,5.43e-06,5.42e-06,5.43e-06,169.0,2019-12-30 05:00:00
1018,1577678400000,5.43e-06,5.43e-06,5.41e-06,5.41e-06,404.0,2019-12-30 04:00:00
1019,1577674800000,5.42e-06,5.43e-06,5.41e-06,5.43e-06,1169.0,2019-12-30 03:00:00
1020,1577671200000,5.42e-06,5.42e-06,5.42e-06,5.42e-06,40.0,2019-12-30 02:00:00
1021,1577667600000,5.42e-06,5.42e-06,5.42e-06,5.42e-06,243.0,2019-12-30 01:00:00
1022,1577664000000,5.42e-06,5.42e-06,5.41e-06,5.41e-06,855.0,2019-12-30 00:00:00
1023,1577660400000,5.41e-06,5.42e-06,5.41e-06,5.41e-06,289.0,2019-12-29 23:00:00
1024,1577656800000,5.42e-06,5.42e-06,5.41e-06,5.41e-06,1754.0,2019-12-29 22:00:00
1025,1577653200000,5.41e-06,5.41e-06,5.38e-06,5.41e-06,6969.0,2019-12-29 21:00:00
1026,1577649600000,5.39e-06,5.42e-06,5.37e-06,5.42e-06,32551.0,2019-12-29 20:00:00
1027,1577646000000,5.42e-06,5.42e-06,5.39e-06,5.39e-06,30782.0,2019-12-29 19:00:00
1028,1577642400000,5.43e-06,5.43e-06,5.42e-06,5.42e-06,12841.0,2019-12-29 18:00:00
1029,1577638800000,5.42e-06,5.43e-06,5.42e-06,5.43e-06,12991.0,2019-12-29 17:00:00
1030,1577635200000,5.4e-06,5.43e-06,5.4e-06,5.42e-06,25930.0,2019-12-29 16:00:00
1031,1577631600000,5.41e-06,5.43e-06,5.4e-06,5.41e-06,22770.0,2019-12-29 15:00:00
1032,1577628000000,5.39e-06,5.42e-06,5.39e-06,5.4e-06,1441.0,2019-12-29 14:00:00
1033,1577624400000,5.44e-06,5.44e-06,5.39e-06,5.4e-06,38131.0,2019-12-29 13:00:00
1034,1577620800000,5.43e-06,5.45e-06,5.42e-06,5.45e-06,18159.0,2019-12-29 12:00:00
1035,1577617200000,5.43e-06,5.45e-06,5.42e-06,5.43e-06,29227.0,2019-12-29 11:00:00
1036,1577613600000,5.42e-06,5.43e-06,5.41e-06,5.42e-06,15846.0,2019-12-29 10:00:00
1037,1577610000000,5.42e-06,5.42e-06,5.4e-06,5.41e-06,9469.0,2019-12-29 09:00:00
1038,1577606400000,5.44e-06,5.47e-06,5.41e-06,5.43e-06,126842.0,2019-12-29 08:00:00
1039,1577602800000,5.43e-06,5.45e-06,5.43e-06,5.43e-06,14839.0,2019-12-29 07:00:00
1040,1577599200000,5.41e-06,5.43e-06,5.41e-06,5.43e-06,2360.0,2019-12-29 06:00:00
1041,1577595600000,5.42e-06,5.42e-06,5.4e-06,5.4e-06,1463.0,2019-12-29 05:00:00
1042,1577592000000,5.42e-06,5.42e-06,5.42e-06,5.42e-06,0.0,2019-12-29 04:00:00
1043,1577588400000,5.4e-06,5.42e-06,5.4e-06,5.42e-06,642.0,2019-12-29 03:00:00
1044,1577584800000,5.4e-06,5.4e-06,5.4e-06,5.4e-06,0.0,2019-12-29 02:00:00
1045,1577581200000,5.4e-06,5.4e-06,5.4e-06,5.4e-06,0.0,2019-12-29 01:00:00
1046,1577577600000,5.41e-06,5.42e-06,5.4e-06,5.4e-06,1878.0,2019-12-29 00:00:00
1047,1577574000000,5.41e-06,5.42e-06,5.41e-06,5.42e-06,1384.0,2019-12-28 23:00:00
1048,1577570400000,5.43e-06,5.43e-06,5.43e-06,5.43e-06,7.0,2019-12-28 22:00:00
1049,1577566800000,5.41e-06,5.42e-06,5.41e-06,5.42e-06,2512.0,2019-12-28 21:00:00
1050,1577563200000,5.41e-06,5.42e-06,5.41e-06,5.41e-06,21551.0,2019-12-28 20:00:00
1051,1577559600000,5.4e-06,5.41e-06,5.4e-06,5.41e-06,2574.0,2019-12-28 19:00:00
1052,1577556000000,5.42e-06,5.42e-06,5.4e-06,5.4e-06,719.0,2019-12-28 18:00:00
1053,1577552400000,5.41e-06,5.43e-06,5.41e-06,5.42e-06,1588.0,2019-12-28 17:00:00
1054,1577548800000,5.41e-06,5.43e-06,5.4e-06,5.41e-06,33458.0,2019-12-28 16:00:00
1055,1577545200000,5.38e-06,5.4e-06,5.38e-06,5.4e-06,753.0,2019-12-28 15:00:00
1056,1577541600000,5.39e-06,5.39e-06,5.38e-06,5.38e-06,42.0,2019-12-28 14:00:00
1057,1577538000000,5.37e-06,5.43e-06,5.37e-06,5.38e-06,75404.0,2019-12-28 13:00:00
1058,1577534400000,5.38e-06,5.38e-06,5.37e-06,5.37e-06,30996.0,2019-12-28 12:00:00
1059,1577530800000,5.37e-06,5.39e-06,5.37e-06,5.38e-06,3613.0,2019-12-28 11:00:00
1060,1577527200000,5.38e-06,5.39e-06,5.36e-06,5.36e-06,11271.0,2019-12-28 10:00:00
1061,1577523600000,5.4e-06,5.41e-06,5.37e-06,5.37e-06,6557.0,2019-12-28 09:00:00
1062,1577520000000,5.36e-06,5.4e-06,5.36e-06,5.38e-06,10265.0,2019-12-28 08:00:00
1063,1577516400000,5.36e-06,5.38e-06,5.36e-06,5.38e-06,3569.0,2019-12-28 07:00:00
1064,1577512800000,5.38e-06,5.38e-06,5.38e-06,5.38e-06,33.0,2019-12-28 06:00:00
1065,1577509200000,5.37e-06,5.38e-06,5.36e-06,5.36e-06,1850.0,2019-12-28 05:00:00
1066,1577505600000,5.38e-06,5.38e-06,5.37e-06,5.37e-06,1416.0,2019-12-28 04:00:00
1067,1577502000000,5.4e-06,5.4e-06,5.39e-06,5.39e-06,615.0,2019-12-28 03:00:00
1068,1577498400000,5.41e-06,5.41e-06,5.41e-06,5.41e-06,713.0,2019-12-28 02:00:00
1069,1577494800000,5.4e-06,5.43e-06,5.4e-06,5.41e-06,5725.0,2019-12-28 01:00:00
1070,1577491200000,5.4e-06,5.4e-06,5.4e-06,5.4e-06,2729.0,2019-12-28 00:00:00
1071,1577487600000,5.38e-06,5.4e-06,5.38e-06,5.4e-06,448.0,2019-12-27 23:00:00
1072,1577484000000,5.4e-06,5.43e-06,5.37e-06,5.37e-06,8655.0,2019-12-27 22:00:00
1073,1577480400000,5.39e-06,5.43e-06,5.39e-06,5.4e-06,8744.0,2019-12-27 21:00:00
1074,1577476800000,5.42e-06,5.42e-06,5.39e-06,5.39e-06,506.0,2019-12-27 20:00:00
1075,1577473200000,5.38e-06,5.41e-06,5.38e-06,5.41e-06,5508.0,2019-12-27 19:00:00
1076,1577469600000,5.4e-06,5.4e-06,5.37e-06,5.37e-06,2882.0,2019-12-27 18:00:00
1077,1577466000000,5.4e-06,5.41e-06,5.39e-06,5.39e-06,2267.0,2019-12-27 17:00:00
1078,1577462400000,5.39e-06,5.41e-06,5.38e-06,5.39e-06,2324.0,2019-12-27 16:00:00
1079,1577458800000,5.38e-06,5.41e-06,5.38e-06,5.4e-06,5023.0,2019-12-27 15:00:00
1080,1577455200000,5.39e-06,5.39e-06,5.37e-06,5.37e-06,2646.0,2019-12-27 14:00:00
1081,1577451600000,5.38e-06,5.4e-06,5.37e-06,5.4e-06,4498.0,2019-12-27 13:00:00
1082,1577448000000,5.41e-06,5.42e-06,5.39e-06,5.39e-06,17471.0,2019-12-27 12:00:00
1083,1577444400000,5.42e-06,5.42e-06,5.38e-06,5.4e-06,9805.0,2019-12-27 11:00:00
1084,1577440800000,5.4e-06,5.41e-06,5.4e-06,5.41e-06,2494.0,2019-12-27 10:00:00
1085,1577437200000,5.41e-06,5.41e-06,5.39e-06,5.39e-06,3327.0,2019-12-27 09:00:00
1086,1577433600000,5.41e-06,5.42e-06,5.41e-06,5.41e-06,1871.0,2019-12-27 08:00:00
1087,1577430000000,5.39e-06,5.41e-06,5.39e-06,5.39e-06,8816.0,2019-12-27 07:00:00
1088,1577426400000,5.39e-06,5.4e-06,5.39e-06,5.39e-06,76.0,2019-12-27 06:00:00
1089,1577422800000,5.4e-06,5.4e-06,5.38e-06,5.38e-06,1527.0,2019-12-27 05:00:00
1090,1577419200000,5.41e-06,5.41e-06,5.41e-06,5.41e-06,1848.0,2019-12-27 04:00:00
1091,1577415600000,5.41e-06,5.41e-06,5.41e-06,5.41e-06,21.0,2019-12-27 03:00:00
1092,1577412000000,5.4e-06,5.42e-06,5.4e-06,5.42e-06,596.0,2019-12-27 02:00:00
1093,1577408400000,5.4e-06,5.4e-06,5.39e-06,5.39e-06,272.0,2019-12-27 01:00:00
1094,1577404800000,5.39e-06,5.41e-06,5.38e-06,5.41e-06,13492.0,2019-12-27 00:00:00
1095,1577401200000,5.42e-06,5.42e-06,5.37e-06,5.37e-06,13185.0,2019-12-26 23:00:00
1096,1577397600000,5.4e-06,5.43e-06,5.38e-06,5.43e-06,16524.0,2019-12-26 22:00:00
1097,1577394000000,5.38e-06,5.42e-06,5.37e-06,5.41e-06,41980.0,2019-12-26 21:00:00
1098,1577390400000,5.38e-06,5.38e-06,5.37e-06,5.37e-06,15016.0,2019-12-26 20:00:00
1099,1577386800000,5.35e-06,5.38e-06,5.35e-06,5.37e-06,14163.0,2019-12-26 19:00:00
1100,1577383200000,5.38e-06,5.38e-06,5.35e-06,5.35e-06,2268.0,2019-12-26 18:00:00
1101,1577379600000,5.38e-06,5.39e-06,5.36e-06,5.39e-06,2695.0,2019-12-26 17:00:00
1102,1577376000000,5.45e-06,5.45e-06,5.35e-06,5.4e-06,134641.0,2019-12-26 16:00:00
1103,1577372400000,5.45e-06,5.45e-06,5.43e-06,5.45e-06,10098.0,2019-12-26 15:00:00
1104,1577368800000,5.41e-06,5.45e-06,5.41e-06,5.45e-06,19432.0,2019-12-26 14:00:00
1105,1577365200000,5.43e-06,5.43e-06,5.41e-06,5.41e-06,16676.0,2019-12-26 13:00:00
1106,1577361600000,5.42e-06,5.43e-06,5.42e-06,5.43e-06,3652.0,2019-12-26 12:00:00
1107,1577358000000,5.41e-06,5.41e-06,5.41e-06,5.41e-06,1700.0,2019-12-26 11:00:00
1108,1577354400000,5.4e-06,5.41e-06,5.4e-06,5.41e-06,6230.0,2019-12-26 10:00:00
1109,1577350800000,5.38e-06,5.4e-06,5.38e-06,5.39e-06,3210.0,2019-12-26 09:00:00
1110,1577347200000,5.38e-06,5.38e-06,5.36e-06,5.36e-06,3880.0,2019-12-26 08:00:00
1111,1577343600000,5.37e-06,5.39e-06,5.35e-06,5.39e-06,10140.0,2019-12-26 07:00:00
1112,1577340000000,5.39e-06,5.39e-06,5.35e-06,5.38e-06,21077.0,2019-12-26 06:00:00
1113,1577336400000,5.41e-06,5.41e-06,5.37e-06,5.38e-06,17673.0,2019-12-26 05:00:00
1114,1577332800000,5.4e-06,5.41e-06,5.39e-06,5.41e-06,1203.0,2019-12-26 04:00:00
1115,1577329200000,5.36e-06,5.39e-06,5.34e-06,5.39e-06,57350.0,2019-12-26 03:00:00
1116,1577325600000,5.38e-06,5.38e-06,5.36e-06,5.36e-06,21010.0,2019-12-26 02:00:00
1117,1577322000000,5.39e-06,5.39e-06,5.37e-06,5.39e-06,12960.0,2019-12-26 01:00:00
1118,1577318400000,5.4e-06,5.41e-06,5.39e-06,5.41e-06,36119.0,2019-12-26 00:00:00
1119,1577314800000,5.4e-06,5.41e-06,5.39e-06,5.41e-06,8607.0,2019-12-25 23:00:00
1120,1577311200000,5.4e-06,5.42e-06,5.39e-06,5.42e-06,5658.0,2019-12-25 22:00:00
1121,1577307600000,5.4e-06,5.42e-06,5.37e-06,5.42e-06,18559.0,2019-12-25 21:00:00
1122,1577304000000,5.4e-06,5.42e-06,5.39e-06,5.4e-06,34298.0,2019-12-25 20:00:00
1123,1577300400000,5.39e-06,5.4e-06,5.38e-06,5.4e-06,16651.0,2019-12-25 19:00:00
1124,1577296800000,5.42e-06,5.43e-06,5.4e-06,5.41e-06,16633.0,2019-12-25 18:00:00
1125,1577293200000,5.53e-06,5.53e-06,5.39e-06,5.43e-06,401995.0,2019-12-25 17:00:00
1126,1577289600000,5.52e-06,5.53e-06,5.52e-06,5.53e-06,12210.0,2019-12-25 16:00:00
1127,1577286000000,5.56e-06,5.56e-06,5.53e-06,5.53e-06,34752.0,2019-12-25 15:00:00
1128,1577282400000,5.54e-06,5.56e-06,5.54e-06,5.56e-06,10837.0,2019-12-25 14:00:00
1129,1577278800000,5.55e-06,5.55e-06,5.5e-06,5.54e-06,22848.0,2019-12-25 13:00:00
1130,1577275200000,5.56e-06,5.56e-06,5.54e-06,5.54e-06,2485.0,2019-12-25 12:00:00
1131,1577271600000,5.55e-06,5.57e-06,5.55e-06,5.55e-06,41025.0,2019-12-25 11:00:00
1132,1577268000000,5.53e-06,5.54e-06,5.51e-06,5.54e-06,15030.0,2019-12-25 10:00:00
1133,1577264400000,5.55e-06,5.56e-06,5.53e-06,5.53e-06,786.0,2019-12-25 09:00:00
1134,1577260800000,5.52e-06,5.56e-06,5.51e-06,5.56e-06,5014.0,2019-12-25 08:00:00
1135,1577257200000,5.53e-06,5.54e-06,5.52e-06,5.53e-06,66970.0,2019-12-25 07:00:00
1136,1577253600000,5.48e-06,5.55e-06,5.48e-06,5.52e-06,92799.0,2019-12-25 06:00:00
1137,1577250000000,5.5e-06,5.51e-06,5.48e-06,5.49e-06,3046.0,2019-12-25 05:00:00
1138,1577246400000,5.5e-06,5.5e-06,5.5e-06,5.5e-06,38.0,2019-12-25 04:00:00
1139,1577242800000,5.49e-06,5.49e-06,5.49e-06,5.49e-06,4027.0,2019-12-25 03:00:00
1140,1577239200000,5.51e-06,5.51e-06,5.49e-06,5.5e-06,21474.0,2019-12-25 02:00:00
1141,1577235600000,5.51e-06,5.52e-06,5.49e-06,5.5e-06,3968.0,2019-12-25 01:00:00
1142,1577232000000,5.52e-06,5.53e-06,5.49e-06,5.52e-06,9647.0,2019-12-25 00:00:00
1143,1577228400000,5.53e-06,5.54e-06,5.53e-06,5.54e-06,100.0,2019-12-24 23:00:00
1144,1577224800000,5.52e-06,5.52e-06,5.52e-06,5.52e-06,21.0,2019-12-24 22:00:00
1145,1577221200000,5.51e-06,5.53e-06,5.5e-06,5.53e-06,324.0,2019-12-24 21:00:00
1146,1577217600000,5.52e-06,5.52e-06,5.52e-06,5.52e-06,15204.0,2019-12-24 20:00:00
1147,1577214000000,5.54e-06,5.54e-06,5.51e-06,5.53e-06,2265.0,2019-12-24 19:00:00
1148,1577210400000,5.53e-06,5.54e-06,5.53e-06,5.54e-06,4808.0,2019-12-24 18:00:00
1149,1577206800000,5.55e-06,5.55e-06,5.5e-06,5.53e-06,38933.0,2019-12-24 17:00:00
1150,1577203200000,5.51e-06,5.55e-06,5.49e-06,5.55e-06,14408.0,2019-12-24 16:00:00
1151,1577199600000,5.52e-06,5.52e-06,5.5e-06,5.51e-06,59474.0,2019-12-24 15:00:00
1152,1577196000000,5.52e-06,5.52e-06,5.46e-06,5.52e-06,156659.0,2019-12-24 14:00:00
1153,1577192400000,5.54e-06,5.54e-06,5.52e-06,5.54e-06,13210.0,2019-12-24 13:00:00
1154,1577188800000,5.56e-06,5.57e-06,5.53e-06,5.54e-06,8260.0,2019-12-24 12:00:00
1155,1577185200000,5.53e-06,5.57e-06,5.53e-06,5.57e-06,53174.0,2019-12-24 11:00:00
1156,1577181600000,5.63e-06,5.63e-06,5.5e-06,5.54e-06,253554.0,2019-12-24 10:00:00
1157,1577178000000,5.63e-06,5.63e-06,5.6e-06,5.63e-06,6391.0,2019-12-24 09:00:00
1158,1577174400000,5.62e-06,5.69e-06,5.62e-06,5.63e-06,127343.0,2019-12-24 08:00:00
1159,1577170800000,5.61e-06,5.62e-06,5.61e-06,5.62e-06,1441.0,2019-12-24 07:00:00
1160,1577167200000,5.63e-06,5.63e-06,5.62e-06,5.63e-06,8229.0,2019-12-24 06:00:00
1161,1577163600000,5.62e-06,5.62e-06,5.62e-06,5.62e-06,1215.0,2019-12-24 05:00:00
1162,1577160000000,5.63e-06,5.63e-06,5.62e-06,5.62e-06,44.0,2019-12-24 04:00:00
1163,1577156400000,5.62e-06,5.63e-06,5.6e-06,5.61e-06,811.0,2019-12-24 03:00:00
1164,1577152800000,5.64e-06,5.65e-06,5.62e-06,5.62e-06,57760.0,2019-12-24 02:00:00
1165,1577149200000,5.62e-06,5.65e-06,5.62e-06,5.64e-06,36613.0,2019-12-24 01:00:00
1166,1577145600000,5.53e-06,5.63e-06,5.53e-06,5.63e-06,107797.0,2019-12-24 00:00:00
1167,1577142000000,5.52e-06,5.55e-06,5.51e-06,5.54e-06,4863.0,2019-12-23 23:00:00
1168,1577138400000,5.56e-06,5.56e-06,5.52e-06,5.53e-06,20930.0,2019-12-23 22:00:00
1169,1577134800000,5.55e-06,5.58e-06,5.51e-06,5.57e-06,109616.0,2019-12-23 21:00:00
1170,1577131200000,5.55e-06,5.55e-06,5.55e-06,5.55e-06,373.0,2019-12-23 20:00:00
1171,1577127600000,5.54e-06,5.54e-06,5.54e-06,5.54e-06,1340.0,2019-12-23 19:00:00
1172,1577124000000,5.53e-06,5.55e-06,5.53e-06,5.55e-06,12857.0,2019-12-23 18:00:00
1173,1577120400000,5.5e-06,5.55e-06,5.48e-06,5.53e-06,21767.0,2019-12-23 17:00:00
1174,1577116800000,5.47e-06,5.5e-06,5.47e-06,5.5e-06,3008.0,2019-12-23 16:00:00
1175,1577113200000,5.47e-06,5.47e-06,5.47e-06,5.47e-06,6066.0,2019-12-23 15:00:00
1176,1577109600000,5.46e-06,5.53e-06,5.42e-06,5.48e-06,48186.0,2019-12-23 14:00:00
1177,1577106000000,5.46e-06,5.51e-06,5.46e-06,5.46e-06,13589.0,2019-12-23 13:00:00
1178,1577102400000,5.45e-06,5.51e-06,5.45e-06,5.45e-06,11388.0,2019-12-23 12:00:00
1179,1577098800000,5.48e-06,5.51e-06,5.45e-06,5.48e-06,26133.0,2019-12-23 11:00:00
1180,1577095200000,5.45e-06,5.49e-06,5.44e-06,5.49e-06,70587.0,2019-12-23 10:00:00
1181,1577091600000,5.45e-06,5.45e-06,5.45e-06,5.45e-06,259.0,2019-12-23 09:00:00
1182,1577088000000,5.44e-06,5.48e-06,5.44e-06,5.45e-06,14013.0,2019-12-23 08:00:00
1183,1577084400000,5.46e-06,5.47e-06,5.44e-06,5.44e-06,5338.0,2019-12-23 07:00:00
1184,1577080800000,5.42e-06,5.47e-06,5.42e-06,5.46e-06,13528.0,2019-12-23 06:00:00
1185,1577077200000,5.39e-06,5.42e-06,5.38e-06,5.4e-06,12108.0,2019-12-23 05:00:00
1186,1577073600000,5.39e-06,5.44e-06,5.39e-06,5.44e-06,3280.0,2019-12-23 04:00:00
1187,1577070000000,5.43e-06,5.43e-06,5.38e-06,5.39e-06,97210.0,2019-12-23 03:00:00
1188,1577066400000,5.5e-06,5.51e-06,5.35e-06,5.41e-06,153862.0,2019-12-23 02:00:00
1189,1577062800000,5.52e-06,5.52e-06,5.48e-06,5.5e-06,4870.0,2019-12-23 01:00:00
1190,1577059200000,5.58e-06,5.58e-06,5.48e-06,5.49e-06,50784.0,2019-12-23 00:00:00
1191,1577055600000,5.58e-06,5.58e-06,5.55e-06,5.58e-06,23271.0,2019-12-22 23:00:00
1192,1577052000000,5.52e-06,5.61e-06,5.49e-06,5.58e-06,71220.0,2019-12-22 22:00:00
1193,1577048400000,5.53e-06,5.54e-06,5.52e-06,5.53e-06,15231.0,2019-12-22 21:00:00
1194,1577044800000,5.51e-06,5.54e-06,5.49e-06,5.54e-06,53702.0,2019-12-22 20:00:00
1195,1577041200000,5.63e-06,5.63e-06,5.49e-06,5.51e-06,443918.0,2019-12-22 19:00:00
1196,1577037600000,5.67e-06,5.67e-06,5.6e-06,5.62e-06,86678.0,2019-12-22 18:00:00
1197,1577034000000,5.69e-06,5.7e-06,5.66e-06,5.66e-06,55576.0,2019-12-22 17:00:00
1198,1577030400000,5.73e-06,5.74e-06,5.69e-06,5.7e-06,50464.0,2019-12-22 16:00:00
1199,1577026800000,5.77e-06,5.77e-06,5.73e-06,5.73e-06,8630.0,2019-12-22 15:00:00
1200,1577023200000,5.74e-06,5.76e-06,5.73e-06,5.76e-06,30735.0,2019-12-22 14:00:00
1201,1577019600000,5.75e-06,5.77e-06,5.74e-06,5.77e-06,379.0,2019-12-22 13:00:00
1202,1577016000000,5.75e-06,5.75e-06,5.75e-06,5.75e-06,4472.0,2019-12-22 12:00:00
1203,1577012400000,5.75e-06,5.76e-06,5.74e-06,5.76e-06,24520.0,2019-12-22 11:00:00
1204,1577008800000,5.77e-06,5.78e-06,5.73e-06,5.73e-06,41999.0,2019-12-22 10:00:00
1205,1577005200000,5.77e-06,5.8e-06,5.76e-06,5.77e-06,28032.0,2019-12-22 09:00:00
1206,1577001600000,5.81e-06,5.82e-06,5.77e-06,5.77e-06,5463.0,2019-12-22 08:00:00
1207,1576998000000,5.77e-06,5.8e-06,5.76e-06,5.8e-06,4146.0,2019-12-22 07:00:00
1208,1576994400000,5.77e-06,5.79e-06,5.77e-06,5.77e-06,9885.0,2019-12-22 06:00:00
1209,1576990800000,5.76e-06,5.76e-06,5.73e-06,5.76e-06,30738.0,2019-12-22 05:00:00
1210,1576987200000,5.8e-06,5.81e-06,5.76e-06,5.76e-06,1837.0,2019-12-22 04:00:00
1211,1576983600000,5.8e-06,5.8e-06,5.76e-06,5.8e-06,703.0,2019-12-22 03:00:00
1212,1576980000000,5.8e-06,5.8e-06,5.8e-06,5.8e-06,2638.0,2019-12-22 02:00:00
1213,1576976400000,5.78e-06,5.8e-06,5.78e-06,5.8e-06,54313.0,2019-12-22 01:00:00
1214,1576972800000,5.77e-06,5.78e-06,5.76e-06,5.78e-06,1429.0,2019-12-22 00:00:00
1215,1576969200000,5.77e-06,5.77e-06,5.77e-06,5.77e-06,0.0,2019-12-21 23:00:00
1216,1576965600000,5.76e-06,5.77e-06,5.76e-06,5.77e-06,4065.0,2019-12-21 22:00:00
1217,1576962000000,5.75e-06,5.76e-06,5.74e-06,5.76e-06,14289.0,2019-12-21 21:00:00
1218,1576958400000,5.74e-06,5.78e-06,5.74e-06,5.75e-06,26441.0,2019-12-21 20:00:00
1219,1576954800000,5.74e-06,5.75e-06,5.74e-06,5.75e-06,10518.0,2019-12-21 19:00:00
1220,1576951200000,5.75e-06,5.75e-06,5.74e-06,5.75e-06,4294.0,2019-12-21 18:00:00
1221,1576947600000,5.75e-06,5.75e-06,5.73e-06,5.75e-06,10287.0,2019-12-21 17:00:00
1222,1576944000000,5.77e-06,5.77e-06,5.75e-06,5.75e-06,1030.0,2019-12-21 16:00:00
1223,1576940400000,5.78e-06,5.78e-06,5.76e-06,5.78e-06,43872.0,2019-12-21 15:00:00
1224,1576936800000,5.77e-06,5.77e-06,5.77e-06,5.77e-06,0.0,2019-12-21 14:00:00
1225,1576933200000,5.77e-06,5.77e-06,5.77e-06,5.77e-06,0.0,2019-12-21 13:00:00
1226,1576929600000,5.8e-06,5.8e-06,5.74e-06,5.77e-06,60838.0,2019-12-21 12:00:00
1227,1576926000000,5.8e-06,5.8e-06,5.79e-06,5.79e-06,32053.0,2019-12-21 11:00:00
1228,1576922400000,5.77e-06,5.84e-06,5.77e-06,5.81e-06,45571.0,2019-12-21 10:00:00
1229,1576918800000,5.78e-06,5.78e-06,5.78e-06,5.78e-06,3668.0,2019-12-21 09:00:00
1230,1576915200000,5.75e-06,5.8e-06,5.75e-06,5.77e-06,243645.0,2019-12-21 08:00:00
1231,1576911600000,5.74e-06,5.76e-06,5.73e-06,5.76e-06,19417.0,2019-12-21 07:00:00
1232,1576908000000,5.75e-06,5.75e-06,5.72e-06,5.74e-06,30838.0,2019-12-21 06:00:00
1233,1576904400000,5.74e-06,5.76e-06,5.73e-06,5.76e-06,29759.0,2019-12-21 05:00:00
1234,1576900800000,5.75e-06,5.76e-06,5.74e-06,5.74e-06,14709.0,2019-12-21 04:00:00
1235,1576897200000,5.76e-06,5.76e-06,5.75e-06,5.75e-06,43.0,2019-12-21 03:00:00
1236,1576893600000,5.75e-06,5.76e-06,5.75e-06,5.75e-06,7622.0,2019-12-21 02:00:00
1237,1576890000000,5.75e-06,5.76e-06,5.75e-06,5.76e-06,9497.0,2019-12-21 01:00:00
1238,1576886400000,5.75e-06,5.75e-06,5.75e-06,5.75e-06,9203.0,2019-12-21 00:00:00
1239,1576882800000,5.74e-06,5.76e-06,5.73e-06,5.73e-06,21425.0,2019-12-20 23:00:00
1240,1576879200000,5.75e-06,5.75e-06,5.74e-06,5.74e-06,4615.0,2019-12-20 22:00:00
1241,1576875600000,5.73e-06,5.76e-06,5.73e-06,5.74e-06,57330.0,2019-12-20 21:00:00
1242,1576872000000,5.75e-06,5.75e-06,5.73e-06,5.73e-06,59967.0,2019-12-20 20:00:00
1243,1576868400000,5.75e-06,5.77e-06,5.74e-06,5.77e-06,30791.0,2019-12-20 19:00:00
1244,1576864800000,5.77e-06,5.77e-06,5.75e-06,5.75e-06,3229.0,2019-12-20 18:00:00
1245,1576861200000,5.77e-06,5.77e-06,5.77e-06,5.77e-06,36186.0,2019-12-20 17:00:00
1246,1576857600000,5.75e-06,5.77e-06,5.71e-06,5.77e-06,50625.0,2019-12-20 16:00:00
1247,1576854000000,5.77e-06,5.77e-06,5.73e-06,5.75e-06,137943.0,2019-12-20 15:00:00
1248,1576850400000,5.8e-06,5.82e-06,5.75e-06,5.78e-06,222292.0,2019-12-20 14:00:00
1249,1576846800000,5.8e-06,5.81e-06,5.77e-06,5.8e-06,66780.0,2019-12-20 13:00:00
1250,1576843200000,5.81e-06,5.81e-06,5.78e-06,5.79e-06,101680.0,2019-12-20 12:00:00
1251,1576839600000,5.84e-06,5.84e-06,5.79e-06,5.81e-06,179088.0,2019-12-20 11:00:00
1252,1576836000000,5.88e-06,5.88e-06,5.83e-06,5.83e-06,70530.0,2019-12-20 10:00:00
1253,1576832400000,5.87e-06,5.9e-06,5.8e-06,5.86e-06,463761.0,2019-12-20 09:00:00
1254,1576828800000,5.9e-06,5.91e-06,5.82e-06,5.91e-06,248351.0,2019-12-20 08:00:00
1255,1576825200000,5.93e-06,5.93e-06,5.86e-06,5.9e-06,46827.0,2019-12-20 07:00:00
1256,1576821600000,5.86e-06,5.93e-06,5.86e-06,5.93e-06,51122.0,2019-12-20 06:00:00
1257,1576818000000,5.84e-06,5.84e-06,5.84e-06,5.84e-06,110.0,2019-12-20 05:00:00
1258,1576814400000,5.86e-06,5.86e-06,5.86e-06,5.86e-06,90.0,2019-12-20 04:00:00
1259,1576810800000,5.85e-06,5.86e-06,5.85e-06,5.86e-06,2311.0,2019-12-20 03:00:00
1260,1576807200000,5.84e-06,5.84e-06,5.82e-06,5.82e-06,6769.0,2019-12-20 02:00:00
1261,1576803600000,5.89e-06,5.9e-06,5.85e-06,5.85e-06,20318.0,2019-12-20 01:00:00
1262,1576800000000,5.87e-06,5.87e-06,5.86e-06,5.86e-06,9372.0,2019-12-20 00:00:00
1263,1576796400000,5.86e-06,5.87e-06,5.85e-06,5.87e-06,18082.0,2019-12-19 23:00:00
1264,1576792800000,5.86e-06,5.9e-06,5.86e-06,5.86e-06,41317.0,2019-12-19 22:00:00
1265,1576789200000,5.85e-06,5.88e-06,5.85e-06,5.85e-06,4879.0,2019-12-19 21:00:00
1266,1576785600000,5.85e-06,5.88e-06,5.85e-06,5.85e-06,2349.0,2019-12-19 20:00:00
1267,1576782000000,5.85e-06,5.85e-06,5.85e-06,5.85e-06,9363.0,2019-12-19 19:00:00
1268,1576778400000,5.85e-06,5.85e-06,5.84e-06,5.84e-06,839.0,2019-12-19 18:00:00
1269,1576774800000,5.81e-06,5.88e-06,5.81e-06,5.85e-06,131908.0,2019-12-19 17:00:00
1270,1576771200000,5.81e-06,5.81e-06,5.79e-06,5.8e-06,6021.0,2019-12-19 16:00:00
1271,1576767600000,5.81e-06,5.81e-06,5.81e-06,5.81e-06,1091.0,2019-12-19 15:00:00
1272,1576764000000,5.81e-06,5.81e-06,5.81e-06,5.81e-06,59.0,2019-12-19 14:00:00
1273,1576760400000,5.8e-06,5.82e-06,5.77e-06,5.81e-06,50886.0,2019-12-19 13:00:00
1274,1576756800000,5.8e-06,5.81e-06,5.78e-06,5.8e-06,5025.0,2019-12-19 12:00:00
1275,1576753200000,5.79e-06,5.82e-06,5.77e-06,5.79e-06,34772.0,2019-12-19 11:00:00
1276,1576749600000,5.8e-06,5.81e-06,5.79e-06,5.8e-06,14793.0,2019-12-19 10:00:00
1277,1576746000000,5.82e-06,5.82e-06,5.79e-06,5.8e-06,23641.0,2019-12-19 09:00:00
1278,1576742400000,5.84e-06,5.84e-06,5.82e-06,5.82e-06,33341.0,2019-12-19 08:00:00
1279,1576738800000,5.82e-06,5.84e-06,5.79e-06,5.84e-06,32680.0,2019-12-19 07:00:00
1280,1576735200000,5.86e-06,5.86e-06,5.79e-06,5.82e-06,42043.0,2019-12-19 06:00:00
1281,1576731600000,5.86e-06,5.86e-06,5.82e-06,5.83e-06,16391.0,2019-12-19 05:00:00
1282,1576728000000,5.85e-06,5.87e-06,5.84e-06,5.86e-06,19801.0,2019-12-19 04:00:00
1283,1576724400000,5.91e-06,5.92e-06,5.84e-06,5.86e-06,129113.0,2019-12-19 03:00:00
1284,1576720800000,5.89e-06,5.92e-06,5.78e-06,5.91e-06,296302.0,2019-12-19 02:00:00
1285,1576717200000,5.94e-06,5.94e-06,5.88e-06,5.88e-06,19541.0,2019-12-19 01:00:00
1286,1576713600000,5.96e-06,6e-06,5.92e-06,5.96e-06,13193.0,2019-12-19 00:00:00
1287,1576710000000,6.01e-06,6.01e-06,5.86e-06,5.96e-06,249698.0,2019-12-18 23:00:00
1288,1576706400000,5.98e-06,6.02e-06,5.97e-06,6e-06,61171.0,2019-12-18 22:00:00
1289,1576702800000,6.01e-06,6.02e-06,5.97e-06,6.01e-06,115852.0,2019-12-18 21:00:00
1290,1576699200000,6.07e-06,6.07e-06,5.98e-06,6.02e-06,200311.0,2019-12-18 20:00:00
1291,1576695600000,6.09e-06,6.09e-06,6.02e-06,6.07e-06,173084.0,2019-12-18 19:00:00
1292,1576692000000,6.07e-06,6.1e-06,6.05e-06,6.09e-06,15474.0,2019-12-18 18:00:00
1293,1576688400000,6.06e-06,6.1e-06,6.05e-06,6.07e-06,34564.0,2019-12-18 17:00:00
1294,1576684800000,6.08e-06,6.1e-06,6.06e-06,6.06e-06,36319.0,2019-12-18 16:00:00
1295,1576681200000,6.08e-06,6.11e-06,6.07e-06,6.08e-06,32697.0,2019-12-18 15:00:00
1296,1576677600000,6.08e-06,6.11e-06,6.07e-06,6.07e-06,23430.0,2019-12-18 14:00:00
1297,1576674000000,6.11e-06,6.13e-06,6.06e-06,6.08e-06,121797.0,2019-12-18 13:00:00
1298,1576670400000,6.16e-06,6.16e-06,6.1e-06,6.1e-06,3167.0,2019-12-18 12:00:00
1299,1576666800000,6.13e-06,6.15e-06,6.1e-06,6.15e-06,11384.0,2019-12-18 11:00:00
1300,1576663200000,6.11e-06,6.15e-06,6.11e-06,6.12e-06,4842.0,2019-12-18 10:00:00
1301,1576659600000,6.14e-06,6.16e-06,6.07e-06,6.1e-06,142826.0,2019-12-18 09:00:00
1302,1576656000000,6.12e-06,6.15e-06,6.12e-06,6.13e-06,3304.0,2019-12-18 08:00:00
1303,1576652400000,6.19e-06,6.19e-06,6.09e-06,6.15e-06,105750.0,2019-12-18 07:00:00
1304,1576648800000,6.19e-06,6.2e-06,6.17e-06,6.17e-06,8354.0,2019-12-18 06:00:00
1305,1576645200000,6.19e-06,6.22e-06,6.19e-06,6.22e-06,5361.0,2019-12-18 05:00:00
1306,1576641600000,6.2e-06,6.2e-06,6.2e-06,6.2e-06,776.0,2019-12-18 04:00:00
1307,1576638000000,6.2e-06,6.2e-06,6.2e-06,6.2e-06,0.0,2019-12-18 03:00:00
1308,1576634400000,6.16e-06,6.23e-06,6.16e-06,6.2e-06,39225.0,2019-12-18 02:00:00
1309,1576630800000,6.16e-06,6.19e-06,6.1e-06,6.17e-06,116559.0,2019-12-18 01:00:00
1310,1576627200000,6.19e-06,6.22e-06,6.12e-06,6.16e-06,50395.0,2019-12-18 00:00:00
1311,1576623600000,6.22e-06,6.23e-06,6.19e-06,6.22e-06,1155.0,2019-12-17 23:00:00
1312,1576620000000,6.23e-06,6.24e-06,6.19e-06,6.22e-06,8211.0,2019-12-17 22:00:00
1313,1576616400000,6.2e-06,6.22e-06,6.19e-06,6.2e-06,13056.0,2019-12-17 21:00:00
1314,1576612800000,6.19e-06,6.24e-06,6.13e-06,6.2e-06,67232.0,2019-12-17 20:00:00
1315,1576609200000,6.21e-06,6.22e-06,6.14e-06,6.22e-06,113103.0,2019-12-17 19:00:00
1316,1576605600000,6.24e-06,6.24e-06,6.19e-06,6.19e-06,3000.0,2019-12-17 18:00:00
1317,1576602000000,6.24e-06,6.24e-06,6.24e-06,6.24e-06,525.0,2019-12-17 17:00:00
1318,1576598400000,6.26e-06,6.26e-06,6.22e-06,6.24e-06,3818.0,2019-12-17 16:00:00
1319,1576594800000,6.23e-06,6.26e-06,6.21e-06,6.23e-06,38127.0,2019-12-17 15:00:00
1320,1576591200000,6.29e-06,6.3e-06,6.21e-06,6.24e-06,113954.0,2019-12-17 14:00:00
1321,1576587600000,6.22e-06,6.3e-06,6.2e-06,6.3e-06,47084.0,2019-12-17 13:00:00
1322,1576584000000,6.21e-06,6.24e-06,6.2e-06,6.21e-06,13097.0,2019-12-17 12:00:00
1323,1576580400000,6.24e-06,6.24e-06,6.21e-06,6.24e-06,1388.0,2019-12-17 11:00:00
1324,1576576800000,6.24e-06,6.24e-06,6.22e-06,6.22e-06,9575.0,2019-12-17 10:00:00
1325,1576573200000,6.25e-06,6.25e-06,6.24e-06,6.24e-06,7379.0,2019-12-17 09:00:00
1326,1576569600000,6.26e-06,6.26e-06,6.22e-06,6.25e-06,2500.0,2019-12-17 08:00:00
1327,1576566000000,6.26e-06,6.26e-06,6.26e-06,6.26e-06,0.0,2019-12-17 07:00:00
1328,1576562400000,6.23e-06,6.27e-06,6.23e-06,6.26e-06,8874.0,2019-12-17 06:00:00
1329,1576558800000,6.25e-06,6.26e-06,6.21e-06,6.23e-06,10725.0,2019-12-17 05:00:00
1330,1576555200000,6.26e-06,6.27e-06,6.26e-06,6.27e-06,9070.0,2019-12-17 04:00:00
1331,1576551600000,6.25e-06,6.26e-06,6.22e-06,6.26e-06,8931.0,2019-12-17 03:00:00
1332,1576548000000,6.28e-06,6.28e-06,6.27e-06,6.28e-06,2964.0,2019-12-17 02:00:00
1333,1576544400000,6.29e-06,6.29e-06,6.24e-06,6.25e-06,60112.0,2019-12-17 01:00:00
1334,1576540800000,6.32e-06,6.32e-06,6.31e-06,6.31e-06,903.0,2019-12-17 00:00:00
1335,1576537200000,6.4e-06,6.4e-06,6.28e-06,6.33e-06,115703.0,2019-12-16 23:00:00
1336,1576533600000,6.39e-06,6.39e-06,6.39e-06,6.39e-06,0.0,2019-12-16 22:00:00
1337,1576530000000,6.36e-06,6.4e-06,6.35e-06,6.39e-06,15457.0,2019-12-16 21:00:00
1338,1576526400000,6.37e-06,6.4e-06,6.35e-06,6.4e-06,26790.0,2019-12-16 20:00:00
1339,1576522800000,6.36e-06,6.37e-06,6.3e-06,6.36e-06,48276.0,2019-12-16 19:00:00
1340,1576519200000,6.3e-06,6.36e-06,6.27e-06,6.36e-06,87283.0,2019-12-16 18:00:00
1341,1576515600000,6.31e-06,6.32e-06,6.3e-06,6.32e-06,1720.0,2019-12-16 17:00:00
1342,1576512000000,6.31e-06,6.32e-06,6.31e-06,6.32e-06,31796.0,2019-12-16 16:00:00
1343,1576508400000,6.3e-06,6.33e-06,6.3e-06,6.31e-06,15322.0,2019-12-16 15:00:00
1344,1576504800000,6.31e-06,6.33e-06,6.31e-06,6.32e-06,6134.0,2019-12-16 14:00:00
1345,1576501200000,6.32e-06,6.34e-06,6.29e-06,6.34e-06,53332.0,2019-12-16 13:00:00
1346,1576497600000,6.32e-06,6.34e-06,6.32e-06,6.32e-06,211.0,2019-12-16 12:00:00
1347,1576494000000,6.31e-06,6.31e-06,6.31e-06,6.31e-06,1291.0,2019-12-16 11:00:00
1348,1576490400000,6.32e-06,6.34e-06,6.31e-06,6.34e-06,4030.0,2019-12-16 10:00:00
1349,1576486800000,6.35e-06,6.35e-06,6.33e-06,6.33e-06,7668.0,2019-12-16 09:00:00
1350,1576483200000,6.32e-06,6.38e-06,6.31e-06,6.31e-06,7738.0,2019-12-16 08:00:00
1351,1576479600000,6.33e-06,6.43e-06,6.32e-06,6.34e-06,147942.0,2019-12-16 07:00:00
1352,1576476000000,6.36e-06,6.36e-06,6.36e-06,6.36e-06,24.0,2019-12-16 06:00:00
1353,1576472400000,6.37e-06,6.37e-06,6.37e-06,6.37e-06,0.0,2019-12-16 05:00:00
1354,1576468800000,6.34e-06,6.37e-06,6.33e-06,6.37e-06,1583.0,2019-12-16 04:00:00
1355,1576465200000,6.36e-06,6.37e-06,6.33e-06,6.37e-06,10211.0,2019-12-16 03:00:00
1356,1576461600000,6.36e-06,6.36e-06,6.36e-06,6.36e-06,0.0,2019-12-16 02:00:00
1357,1576458000000,6.36e-06,6.38e-06,6.35e-06,6.36e-06,2092.0,2019-12-16 01:00:00
1358,1576454400000,6.34e-06,6.38e-06,6.34e-06,6.36e-06,5423.0,2019-12-16 00:00:00
1359,1576450800000,6.36e-06,6.4e-06,6.31e-06,6.37e-06,64511.0,2019-12-15 23:00:00
1360,1576447200000,6.39e-06,6.39e-06,6.35e-06,6.36e-06,4992.0,2019-12-15 22:00:00
1361,1576443600000,6.38e-06,6.39e-06,6.38e-06,6.39e-06,8371.0,2019-12-15 21:00:00
1362,1576440000000,6.35e-06,6.37e-06,6.32e-06,6.37e-06,14204.0,2019-12-15 20:00:00
1363,1576436400000,6.37e-06,6.38e-06,6.35e-06,6.35e-06,2775.0,2019-12-15 19:00:00
1364,1576432800000,6.36e-06,6.36e-06,6.33e-06,6.33e-06,17056.0,2019-12-15 18:00:00
1365,1576429200000,6.35e-06,6.39e-06,6.35e-06,6.35e-06,80167.0,2019-12-15 17:00:00
1366,1576425600000,6.34e-06,6.36e-06,6.33e-06,6.33e-06,3758.0,2019-12-15 16:00:00
1367,1576422000000,6.33e-06,6.36e-06,6.33e-06,6.35e-06,53477.0,2019-12-15 15:00:00
1368,1576418400000,6.27e-06,6.34e-06,6.27e-06,6.31e-06,88934.0,2019-12-15 14:00:00
1369,1576414800000,6.29e-06,6.29e-06,6.27e-06,6.27e-06,18471.0,2019-12-15 13:00:00
1370,1576411200000,6.3e-06,6.3e-06,6.28e-06,6.29e-06,4136.0,2019-12-15 12:00:00
1371,1576407600000,6.33e-06,6.33e-06,6.33e-06,6.33e-06,162.0,2019-12-15 11:00:00
1372,1576404000000,6.32e-06,6.33e-06,6.31e-06,6.31e-06,2294.0,2019-12-15 10:00:00
1373,1576400400000,6.31e-06,6.31e-06,6.28e-06,6.29e-06,2799.0,2019-12-15 09:00:00
1374,1576396800000,6.31e-06,6.31e-06,6.31e-06,6.31e-06,62.0,2019-12-15 08:00:00
1375,1576393200000,6.3e-06,6.3e-06,6.27e-06,6.3e-06,15436.0,2019-12-15 07:00:00
1376,1576389600000,6.31e-06,6.33e-06,6.27e-06,6.33e-06,18964.0,2019-12-15 06:00:00
1377,1576386000000,6.31e-06,6.31e-06,6.31e-06,6.31e-06,346.0,2019-12-15 05:00:00
1378,1576382400000,6.31e-06,6.31e-06,6.28e-06,6.31e-06,30739.0,2019-12-15 04:00:00
1379,1576378800000,6.31e-06,6.31e-06,6.31e-06,6.31e-06,6298.0,2019-12-15 03:00:00
1380,1576375200000,6.31e-06,6.31e-06,6.31e-06,6.31e-06,627.0,2019-12-15 02:00:00
1381,1576371600000,6.29e-06,6.31e-06,6.29e-06,6.3e-06,3937.0,2019-12-15 01:00:00
1382,1576368000000,6.26e-06,6.26e-06,6.26e-06,6.26e-06,0.0,2019-12-15 00:00:00
1383,1576364400000,6.28e-06,6.28e-06,6.26e-06,6.26e-06,6349.0,2019-12-14 23:00:00
1384,1576360800000,6.31e-06,6.31e-06,6.27e-06,6.27e-06,25118.0,2019-12-14 22:00:00
1385,1576357200000,6.34e-06,6.34e-06,6.32e-06,6.32e-06,639.0,2019-12-14 21:00:00
1386,1576353600000,6.33e-06,6.36e-06,6.33e-06,6.34e-06,721.0,2019-12-14 20:00:00
1387,1576350000000,6.29e-06,6.36e-06,6.29e-06,6.33e-06,69371.0,2019-12-14 19:00:00
1388,1576346400000,6.29e-06,6.29e-06,6.29e-06,6.29e-06,284.0,2019-12-14 18:00:00
1389,1576342800000,6.29e-06,6.3e-06,6.28e-06,6.28e-06,1031.0,2019-12-14 17:00:00
1390,1576339200000,6.3e-06,6.31e-06,6.28e-06,6.28e-06,52528.0,2019-12-14 16:00:00
1391,1576335600000,6.29e-06,6.3e-06,6.29e-06,6.3e-06,9151.0,2019-12-14 15:00:00
1392,1576332000000,6.25e-06,6.29e-06,6.23e-06,6.29e-06,11550.0,2019-12-14 14:00:00
1393,1576328400000,6.29e-06,6.3e-06,6.24e-06,6.25e-06,20271.0,2019-12-14 13:00:00
1394,1576324800000,6.28e-06,6.29e-06,6.28e-06,6.29e-06,2272.0,2019-12-14 12:00:00
1395,1576321200000,6.25e-06,6.3e-06,6.23e-06,6.28e-06,102708.0,2019-12-14 11:00:00
1396,1576317600000,6.34e-06,6.34e-06,6.23e-06,6.24e-06,183625.0,2019-12-14 10:00:00
1397,1576314000000,6.34e-06,6.35e-06,6.34e-06,6.34e-06,162.0,2019-12-14 09:00:00
1398,1576310400000,6.33e-06,6.34e-06,6.31e-06,6.31e-06,18360.0,2019-12-14 08:00:00
1399,1576306800000,6.32e-06,6.35e-06,6.32e-06,6.35e-06,12914.0,2019-12-14 07:00:00
1400,1576303200000,6.34e-06,6.34e-06,6.32e-06,6.32e-06,25880.0,2019-12-14 06:00:00
1401,1576299600000,6.33e-06,6.33e-06,6.33e-06,6.33e-06,11323.0,2019-12-14 05:00:00
1402,1576296000000,6.33e-06,6.33e-06,6.33e-06,6.33e-06,286.0,2019-12-14 04:00:00
1403,1576292400000,6.34e-06,6.34e-06,6.33e-06,6.34e-06,1102.0,2019-12-14 03:00:00
1404,1576288800000,6.36e-06,6.36e-06,6.33e-06,6.34e-06,1973.0,2019-12-14 02:00:00
1405,1576285200000,6.33e-06,6.36e-06,6.33e-06,6.36e-06,592.0,2019-12-14 01:00:00
1406,1576281600000,6.33e-06,6.34e-06,6.33e-06,6.33e-06,7343.0,2019-12-14 00:00:00
1407,1576278000000,6.33e-06,6.37e-06,6.33e-06,6.34e-06,23471.0,2019-12-13 23:00:00
1408,1576274400000,6.32e-06,6.33e-06,6.32e-06,6.33e-06,30978.0,2019-12-13 22:00:00
1409,1576270800000,6.32e-06,6.33e-06,6.31e-06,6.32e-06,5972.0,2019-12-13 21:00:00
1410,1576267200000,6.29e-06,6.35e-06,6.29e-06,6.35e-06,26131.0,2019-12-13 20:00:00
1411,1576263600000,6.35e-06,6.37e-06,6.3e-06,6.3e-06,80853.0,2019-12-13 19:00:00
1412,1576260000000,6.34e-06,6.37e-06,6.34e-06,6.37e-06,21709.0,2019-12-13 18:00:00
1413,1576256400000,6.36e-06,6.37e-06,6.3e-06,6.3e-06,180379.0,2019-12-13 17:00:00
1414,1576252800000,6.41e-06,6.41e-06,6.37e-06,6.39e-06,103535.0,2019-12-13 16:00:00
1415,1576249200000,6.44e-06,6.44e-06,6.37e-06,6.4e-06,154248.0,2019-12-13 15:00:00
1416,1576245600000,6.38e-06,6.5e-06,6.35e-06,6.45e-06,372176.0,2019-12-13 14:00:00
1417,1576242000000,6.24e-06,6.43e-06,6.23e-06,6.4e-06,349245.0,2019-12-13 13:00:00
1418,1576238400000,6.23e-06,6.25e-06,6.23e-06,6.25e-06,10822.0,2019-12-13 12:00:00
1419,1576234800000,6.33e-06,6.35e-06,6.22e-06,6.23e-06,178019.0,2019-12-13 11:00:00
1420,1576231200000,6.34e-06,6.36e-06,6.34e-06,6.36e-06,841.0,2019-12-13 10:00:00
1421,1576227600000,6.34e-06,6.36e-06,6.33e-06,6.36e-06,16561.0,2019-12-13 09:00:00
1422,1576224000000,6.24e-06,6.35e-06,6.23e-06,6.34e-06,88899.0,2019-12-13 08:00:00
1423,1576220400000,6.24e-06,6.26e-06,6.23e-06,6.23e-06,3927.0,2019-12-13 07:00:00
1424,1576216800000,6.22e-06,6.26e-06,6.22e-06,6.23e-06,16415.0,2019-12-13 06:00:00
1425,1576213200000,6.23e-06,6.23e-06,6.21e-06,6.22e-06,7092.0,2019-12-13 05:00:00
1426,1576209600000,6.23e-06,6.23e-06,6.18e-06,6.23e-06,46847.0,2019-12-13 04:00:00
1427,1576206000000,6.24e-06,6.24e-06,6.24e-06,6.24e-06,251.0,2019-12-13 03:00:00
1428,1576202400000,6.3e-06,6.3e-06,6.23e-06,6.23e-06,117960.0,2019-12-13 02:00:00
1429,1576198800000,6.37e-06,6.37e-06,6.29e-06,6.29e-06,68737.0,2019-12-13 01:00:00
1430,1576195200000,6.37e-06,6.38e-06,6.37e-06,6.38e-06,2734.0,2019-12-13 00:00:00
1431,1576191600000,6.37e-06,6.5e-06,6.33e-06,6.36e-06,438525.0,2019-12-12 23:00:00
1432,1576188000000,6.33e-06,6.35e-06,6.32e-06,6.35e-06,12617.0,2019-12-12 22:00:00
1433,1576184400000,6.32e-06,6.36e-06,6.32e-06,6.33e-06,16789.0,2019-12-12 21:00:00
1434,1576180800000,6.33e-06,6.36e-06,6.32e-06,6.32e-06,18034.0,2019-12-12 20:00:00
1435,1576177200000,6.35e-06,6.37e-06,6.33e-06,6.33e-06,76713.0,2019-12-12 19:00:00
1436,1576173600000,6.32e-06,6.35e-06,6.32e-06,6.35e-06,7602.0,2019-12-12 18:00:00
1437,1576170000000,6.28e-06,6.34e-06,6.28e-06,6.32e-06,26646.0,2019-12-12 17:00:00
1438,1576166400000,6.28e-06,6.28e-06,6.28e-06,6.28e-06,4931.0,2019-12-12 16:00:00
1439,1576162800000,6.25e-06,6.25e-06,6.25e-06,6.25e-06,2706.0,2019-12-12 15:00:00
1440,1576159200000,6.29e-06,6.3e-06,6.24e-06,6.25e-06,68620.0,2019-12-12 14:00:00
1441,1576155600000,6.3e-06,6.34e-06,6.28e-06,6.28e-06,60647.0,2019-12-12 13:00:00
1442,1576152000000,6.31e-06,6.31e-06,6.29e-06,6.29e-06,29249.0,2019-12-12 12:00:00
1443,1576148400000,6.31e-06,6.34e-06,6.29e-06,6.32e-06,49987.0,2019-12-12 11:00:00
1444,1576144800000,6.3e-06,6.31e-06,6.3e-06,6.3e-06,8141.0,2019-12-12 10:00:00
1445,1576141200000,6.27e-06,6.27e-06,6.27e-06,6.27e-06,0.0,2019-12-12 09:00:00
1446,1576137600000,6.3e-06,6.32e-06,6.27e-06,6.27e-06,83003.0,2019-12-12 08:00:00
1447,1576134000000,6.28e-06,6.29e-06,6.28e-06,6.29e-06,758.0,2019-12-12 07:00:00
1448,1576130400000,6.28e-06,6.3e-06,6.27e-06,6.28e-06,7518.0,2019-12-12 06:00:00
1449,1576126800000,6.26e-06,6.28e-06,6.25e-06,6.28e-06,42420.0,2019-12-12 05:00:00
1450,1576123200000,6.26e-06,6.26e-06,6.26e-06,6.26e-06,205.0,2019-12-12 04:00:00
1451,1576119600000,6.25e-06,6.25e-06,6.25e-06,6.25e-06,0.0,2019-12-12 03:00:00
1452,1576116000000,6.25e-06,6.26e-06,6.25e-06,6.25e-06,19616.0,2019-12-12 02:00:00
1453,1576112400000,6.27e-06,6.27e-06,6.25e-06,6.25e-06,12444.0,2019-12-12 01:00:00
1454,1576108800000,6.25e-06,6.26e-06,6.25e-06,6.26e-06,3448.0,2019-12-12 00:00:00
1455,1576105200000,6.25e-06,6.27e-06,6.25e-06,6.27e-06,16670.0,2019-12-11 23:00:00
1456,1576101600000,6.21e-06,6.26e-06,6.21e-06,6.26e-06,36586.0,2019-12-11 22:00:00
1457,1576098000000,6.24e-06,6.24e-06,6.24e-06,6.24e-06,5483.0,2019-12-11 21:00:00
1458,1576094400000,6.2e-06,6.23e-06,6.2e-06,6.21e-06,20484.0,2019-12-11 20:00:00
1459,1576090800000,6.23e-06,6.23e-06,6.2e-06,6.21e-06,28951.0,2019-12-11 19:00:00
1460,1576087200000,6.23e-06,6.23e-06,6.21e-06,6.23e-06,21547.0,2019-12-11 18:00:00
1461,1576083600000,6.26e-06,6.27e-06,6.24e-06,6.24e-06,54821.0,2019-12-11 17:00:00
1462,1576080000000,6.25e-06,6.27e-06,6.25e-06,6.27e-06,14971.0,2019-12-11 16:00:00
1463,1576076400000,6.29e-06,6.31e-06,6.21e-06,6.24e-06,47992.0,2019-12-11 15:00:00
1464,1576072800000,6.28e-06,6.3e-06,6.25e-06,6.29e-06,6747.0,2019-12-11 14:00:00
1465,1576069200000,6.26e-06,6.26e-06,6.24e-06,6.25e-06,4954.0,2019-12-11 13:00:00
1466,1576065600000,6.25e-06,6.29e-06,6.25e-06,6.29e-06,4445.0,2019-12-11 12:00:00
1467,1576062000000,6.26e-06,6.29e-06,6.24e-06,6.25e-06,57661.0,2019-12-11 11:00:00
1468,1576058400000,6.25e-06,6.29e-06,6.23e-06,6.25e-06,43610.0,2019-12-11 10:00:00
1469,1576054800000,6.25e-06,6.26e-06,6.21e-06,6.21e-06,46735.0,2019-12-11 09:00:00
1470,1576051200000,6.24e-06,6.24e-06,6.24e-06,6.24e-06,1877.0,2019-12-11 08:00:00
1471,1576047600000,6.23e-06,6.24e-06,6.21e-06,6.24e-06,1620.0,2019-12-11 07:00:00
1472,1576044000000,6.2e-06,6.2e-06,6.2e-06,6.2e-06,1141.0,2019-12-11 06:00:00
1473,1576040400000,6.2e-06,6.23e-06,6.2e-06,6.2e-06,10018.0,2019-12-11 05:00:00
1474,1576036800000,6.23e-06,6.23e-06,6.2e-06,6.2e-06,34507.0,2019-12-11 04:00:00
1475,1576033200000,6.22e-06,6.25e-06,6.22e-06,6.23e-06,4313.0,2019-12-11 03:00:00
1476,1576029600000,6.21e-06,6.23e-06,6.2e-06,6.2e-06,1226.0,2019-12-11 02:00:00
1477,1576026000000,6.2e-06,6.2e-06,6.2e-06,6.2e-06,168.0,2019-12-11 01:00:00
1478,1576022400000,6.23e-06,6.23e-06,6.2e-06,6.2e-06,12854.0,2019-12-11 00:00:00
1479,1576018800000,6.23e-06,6.24e-06,6.19e-06,6.23e-06,30441.0,2019-12-10 23:00:00
1480,1576015200000,6.28e-06,6.29e-06,6.18e-06,6.21e-06,72656.0,2019-12-10 22:00:00
1481,1576011600000,6.25e-06,6.28e-06,6.23e-06,6.28e-06,2067.0,2019-12-10 21:00:00
1482,1576008000000,6.24e-06,6.3e-06,6.22e-06,6.25e-06,78975.0,2019-12-10 20:00:00
1483,1576004400000,6.22e-06,6.25e-06,6.21e-06,6.24e-06,27253.0,2019-12-10 19:00:00
1484,1576000800000,6.28e-06,6.29e-06,6.22e-06,6.24e-06,57532.0,2019-12-10 18:00:00
1485,1575997200000,6.28e-06,6.28e-06,6.25e-06,6.28e-06,23692.0,2019-12-10 17:00:00
1486,1575993600000,6.28e-06,6.29e-06,6.24e-06,6.28e-06,126977.0,2019-12-10 16:00:00
1487,1575990000000,6.31e-06,6.32e-06,6.27e-06,6.3e-06,90039.0,2019-12-10 15:00:00
1488,1575986400000,6.33e-06,6.34e-06,6.33e-06,6.34e-06,956.0,2019-12-10 14:00:00
1489,1575982800000,6.34e-06,6.34e-06,6.31e-06,6.34e-06,20178.0,2019-12-10 13:00:00
1490,1575979200000,6.34e-06,6.35e-06,6.31e-06,6.31e-06,16183.0,2019-12-10 12:00:00
1491,1575975600000,6.32e-06,6.33e-06,6.32e-06,6.32e-06,2755.0,2019-12-10 11:00:00
1492,1575972000000,6.33e-06,6.36e-06,6.33e-06,6.36e-06,2363.0,2019-12-10 10:00:00
1493,1575968400000,6.33e-06,6.36e-06,6.33e-06,6.36e-06,13941.0,2019-12-10 09:00:00
1494,1575964800000,6.35e-06,6.36e-06,6.32e-06,6.36e-06,25928.0,2019-12-10 08:00:00
1495,1575961200000,6.36e-06,6.36e-06,6.32e-06,6.35e-06,18627.0,2019-12-10 07:00:00
1496,1575957600000,6.34e-06,6.36e-06,6.31e-06,6.36e-06,80384.0,2019-12-10 06:00:00
1497,1575954000000,6.38e-06,6.4e-06,6.33e-06,6.37e-06,50660.0,2019-12-10 05:00:00
1498,1575950400000,6.34e-06,6.38e-06,6.33e-06,6.38e-06,17521.0,2019-12-10 04:00:00
1499,1575946800000,6.34e-06,6.34e-06,6.34e-06,6.34e-06,996.0,2019-12-10 03:00:00
1500,1575943200000,6.35e-06,6.35e-06,6.34e-06,6.34e-06,2281.0,2019-12-10 02:00:00
1501,1575939600000,6.4e-06,6.4e-06,6.31e-06,6.33e-06,106898.0,2019-12-10 01:00:00
1502,1575936000000,6.4e-06,6.4e-06,6.4e-06,6.4e-06,109.0,2019-12-10 00:00:00
1503,1575932400000,6.4e-06,6.4e-06,6.4e-06,6.4e-06,41.0,2019-12-09 23:00:00
1504,1575928800000,6.41e-06,6.43e-06,6.41e-06,6.43e-06,9440.0,2019-12-09 22:00:00
1505,1575925200000,6.42e-06,6.42e-06,6.4e-06,6.41e-06,21159.0,2019-12-09 21:00:00
1506,1575921600000,6.4e-06,6.42e-06,6.37e-06,6.4e-06,30285.0,2019-12-09 20:00:00
1507,1575918000000,6.38e-06,6.4e-06,6.36e-06,6.36e-06,9003.0,2019-12-09 19:00:00
1508,1575914400000,6.38e-06,6.38e-06,6.38e-06,6.38e-06,7532.0,2019-12-09 18:00:00
1509,1575910800000,6.39e-06,6.39e-06,6.39e-06,6.39e-06,0.0,2019-12-09 17:00:00
1510,1575907200000,6.39e-06,6.4e-06,6.36e-06,6.39e-06,12192.0,2019-12-09 16:00:00
1511,1575903600000,6.4e-06,6.4e-06,6.36e-06,6.39e-06,80889.0,2019-12-09 15:00:00
1512,1575900000000,6.41e-06,6.43e-06,6.39e-06,6.4e-06,17141.0,2019-12-09 14:00:00
1513,1575896400000,6.43e-06,6.44e-06,6.41e-06,6.43e-06,7864.0,2019-12-09 13:00:00
1514,1575892800000,6.4e-06,6.44e-06,6.4e-06,6.43e-06,21376.0,2019-12-09 12:00:00
1515,1575889200000,6.4e-06,6.4e-06,6.4e-06,6.4e-06,267.0,2019-12-09 11:00:00
1516,1575885600000,6.42e-06,6.44e-06,6.4e-06,6.4e-06,58753.0,2019-12-09 10:00:00
1517,1575882000000,6.41e-06,6.43e-06,6.4e-06,6.43e-06,11764.0,2019-12-09 09:00:00
1518,1575878400000,6.4e-06,6.42e-06,6.4e-06,6.42e-06,34354.0,2019-12-09 08:00:00
1519,1575874800000,6.4e-06,6.42e-06,6.39e-06,6.41e-06,67704.0,2019-12-09 07:00:00
1520,1575871200000,6.35e-06,6.41e-06,6.34e-06,6.41e-06,61690.0,2019-12-09 06:00:00
1521,1575867600000,6.35e-06,6.37e-06,6.33e-06,6.33e-06,38886.0,2019-12-09 05:00:00
1522,1575864000000,6.33e-06,6.35e-06,6.33e-06,6.35e-06,30775.0,2019-12-09 04:00:00
1523,1575860400000,6.35e-06,6.35e-06,6.35e-06,6.35e-06,3016.0,2019-12-09 03:00:00
1524,1575856800000,6.34e-06,6.35e-06,6.33e-06,6.35e-06,10045.0,2019-12-09 02:00:00
1525,1575853200000,6.33e-06,6.33e-06,6.32e-06,6.32e-06,5437.0,2019-12-09 01:00:00
1526,1575849600000,6.32e-06,6.33e-06,6.32e-06,6.33e-06,84.0,2019-12-09 00:00:00
1527,1575846000000,6.34e-06,6.38e-06,6.32e-06,6.32e-06,63521.0,2019-12-08 23:00:00
1528,1575842400000,6.34e-06,6.38e-06,6.34e-06,6.37e-06,2688.0,2019-12-08 22:00:00
1529,1575838800000,6.33e-06,6.36e-06,6.31e-06,6.36e-06,48351.0,2019-12-08 21:00:00
1530,1575835200000,6.35e-06,6.35e-06,6.33e-06,6.33e-06,5239.0,2019-12-08 20:00:00
1531,1575831600000,6.38e-06,6.38e-06,6.33e-06,6.33e-06,22679.0,2019-12-08 19:00:00
1532,1575828000000,6.33e-06,6.38e-06,6.33e-06,6.38e-06,181841.0,2019-12-08 18:00:00
1533,1575824400000,6.33e-06,6.35e-06,6.33e-06,6.35e-06,3499.0,2019-12-08 17:00:00
1534,1575820800000,6.35e-06,6.35e-06,6.31e-06,6.33e-06,14439.0,2019-12-08 16:00:00
1535,1575817200000,6.31e-06,6.35e-06,6.3e-06,6.35e-06,51489.0,2019-12-08 15:00:00
1536,1575813600000,6.32e-06,6.34e-06,6.31e-06,6.31e-06,44653.0,2019-12-08 14:00:00
1537,1575810000000,6.33e-06,6.33e-06,6.31e-06,6.33e-06,7833.0,2019-12-08 13:00:00
1538,1575806400000,6.33e-06,6.36e-06,6.32e-06,6.32e-06,102836.0,2019-12-08 12:00:00
1539,1575802800000,6.32e-06,6.34e-06,6.31e-06,6.32e-06,23280.0,2019-12-08 11:00:00
1540,1575799200000,6.33e-06,6.33e-06,6.33e-06,6.33e-06,0.0,2019-12-08 10:00:00
1541,1575795600000,6.32e-06,6.33e-06,6.31e-06,6.33e-06,16669.0,2019-12-08 09:00:00
1542,1575792000000,6.32e-06,6.34e-06,6.32e-06,6.33e-06,23740.0,2019-12-08 08:00:00
1543,1575788400000,6.32e-06,6.33e-06,6.32e-06,6.33e-06,8509.0,2019-12-08 07:00:00
1544,1575784800000,6.31e-06,6.31e-06,6.31e-06,6.31e-06,2018.0,2019-12-08 06:00:00
1545,1575781200000,6.31e-06,6.31e-06,6.31e-06,6.31e-06,79.0,2019-12-08 05:00:00
1546,1575777600000,6.33e-06,6.34e-06,6.31e-06,6.34e-06,17408.0,2019-12-08 04:00:00
1547,1575774000000,6.34e-06,6.34e-06,6.34e-06,6.34e-06,212.0,2019-12-08 03:00:00
1548,1575770400000,6.33e-06,6.33e-06,6.33e-06,6.33e-06,923.0,2019-12-08 02:00:00
1549,1575766800000,6.32e-06,6.33e-06,6.31e-06,6.33e-06,691.0,2019-12-08 01:00:00
1550,1575763200000,6.32e-06,6.32e-06,6.31e-06,6.31e-06,8303.0,2019-12-08 00:00:00
1551,1575759600000,6.32e-06,6.32e-06,6.32e-06,6.32e-06,80.0,2019-12-07 23:00:00
1552,1575756000000,6.31e-06,6.32e-06,6.31e-06,6.31e-06,6679.0,2019-12-07 22:00:00
1553,1575752400000,6.33e-06,6.33e-06,6.31e-06,6.33e-06,3650.0,2019-12-07 21:00:00
1554,1575748800000,6.31e-06,6.33e-06,6.31e-06,6.33e-06,4104.0,2019-12-07 20:00:00
1555,1575745200000,6.32e-06,6.32e-06,6.31e-06,6.31e-06,7542.0,2019-12-07 19:00:00
1556,1575741600000,6.3e-06,6.32e-06,6.3e-06,6.31e-06,25950.0,2019-12-07 18:00:00
1557,1575738000000,6.29e-06,6.29e-06,6.29e-06,6.29e-06,0.0,2019-12-07 17:00:00
1558,1575734400000,6.3e-06,6.3e-06,6.28e-06,6.29e-06,18042.0,2019-12-07 16:00:00
1559,1575730800000,6.28e-06,6.31e-06,6.27e-06,6.31e-06,15919.0,2019-12-07 15:00:00
1560,1575727200000,6.31e-06,6.34e-06,6.27e-06,6.28e-06,169044.0,2019-12-07 14:00:00
1561,1575723600000,6.32e-06,6.35e-06,6.29e-06,6.29e-06,15970.0,2019-12-07 13:00:00
1562,1575720000000,6.32e-06,6.35e-06,6.32e-06,6.35e-06,25988.0,2019-12-07 12:00:00
1563,1575716400000,6.36e-06,6.41e-06,6.29e-06,6.33e-06,271390.0,2019-12-07 11:00:00
1564,1575712800000,6.38e-06,6.39e-06,6.34e-06,6.35e-06,14268.0,2019-12-07 10:00:00
1565,1575709200000,6.35e-06,6.38e-06,6.35e-06,6.38e-06,3778.0,2019-12-07 09:00:00
1566,1575705600000,6.35e-06,6.35e-06,6.35e-06,6.35e-06,1229.0,2019-12-07 08:00:00
1567,1575702000000,6.36e-06,6.38e-06,6.36e-06,6.38e-06,4488.0,2019-12-07 07:00:00
1568,1575698400000,6.35e-06,6.35e-06,6.33e-06,6.33e-06,16060.0,2019-12-07 06:00:00
1569,1575694800000,6.35e-06,6.35e-06,6.35e-06,6.35e-06,1000.0,2019-12-07 05:00:00
1570,1575691200000,6.37e-06,6.37e-06,6.37e-06,6.37e-06,14302.0,2019-12-07 04:00:00
1571,1575687600000,6.35e-06,6.36e-06,6.33e-06,6.36e-06,11736.0,2019-12-07 03:00:00
1572,1575684000000,6.35e-06,6.35e-06,6.35e-06,6.35e-06,1157.0,2019-12-07 02:00:00
1573,1575680400000,6.35e-06,6.35e-06,6.35e-06,6.35e-06,311.0,2019-12-07 01:00:00
1574,1575676800000,6.38e-06,6.38e-06,6.34e-06,6.38e-06,11389.0,2019-12-07 00:00:00
1575,1575673200000,6.36e-06,6.36e-06,6.35e-06,6.35e-06,279.0,2019-12-06 23:00:00
1576,1575669600000,6.37e-06,6.38e-06,6.37e-06,6.38e-06,4238.0,2019-12-06 22:00:00
1577,1575666000000,6.37e-06,6.39e-06,6.35e-06,6.38e-06,9179.0,2019-12-06 21:00:00
1578,1575662400000,6.39e-06,6.4e-06,6.38e-06,6.38e-06,19839.0,2019-12-06 20:00:00
1579,1575658800000,6.4e-06,6.4e-06,6.39e-06,6.39e-06,6563.0,2019-12-06 19:00:00
1580,1575655200000,6.36e-06,6.49e-06,6.35e-06,6.4e-06,137858.0,2019-12-06 18:00:00
1581,1575651600000,6.38e-06,6.42e-06,6.36e-06,6.36e-06,28628.0,2019-12-06 17:00:00
1582,1575648000000,6.35e-06,6.39e-06,6.34e-06,6.38e-06,30946.0,2019-12-06 16:00:00
1583,1575644400000,6.36e-06,6.4e-06,6.36e-06,6.36e-06,34351.0,2019-12-06 15:00:00
1584,1575640800000,6.36e-06,6.39e-06,6.35e-06,6.37e-06,5433.0,2019-12-06 14:00:00
1585,1575637200000,6.37e-06,6.38e-06,6.35e-06,6.36e-06,15844.0,2019-12-06 13:00:00
1586,1575633600000,6.35e-06,6.36e-06,6.33e-06,6.35e-06,13369.0,2019-12-06 12:00:00
1587,1575630000000,6.33e-06,6.37e-06,6.32e-06,6.33e-06,21371.0,2019-12-06 11:00:00
1588,1575626400000,6.33e-06,6.33e-06,6.32e-06,6.32e-06,1773.0,2019-12-06 10:00:00
1589,1575622800000,6.35e-06,6.35e-06,6.32e-06,6.32e-06,5984.0,2019-12-06 09:00:00
1590,1575619200000,6.36e-06,6.38e-06,6.31e-06,6.35e-06,41899.0,2019-12-06 08:00:00
1591,1575615600000,6.29e-06,6.38e-06,6.28e-06,6.35e-06,145614.0,2019-12-06 07:00:00
1592,1575612000000,6.28e-06,6.3e-06,6.28e-06,6.29e-06,2973.0,2019-12-06 06:00:00
1593,1575608400000,6.29e-06,6.29e-06,6.25e-06,6.29e-06,4336.0,2019-12-06 05:00:00
1594,1575604800000,6.28e-06,6.28e-06,6.28e-06,6.28e-06,0.0,2019-12-06 04:00:00
1595,1575601200000,6.27e-06,6.28e-06,6.25e-06,6.28e-06,20720.0,2019-12-06 03:00:00
1596,1575597600000,6.28e-06,6.28e-06,6.28e-06,6.28e-06,936.0,2019-12-06 02:00:00
1597,1575594000000,6.28e-06,6.28e-06,6.28e-06,6.28e-06,0.0,2019-12-06 01:00:00
1598,1575590400000,6.24e-06,6.29e-06,6.24e-06,6.28e-06,2285.0,2019-12-06 00:00:00
1599,1575586800000,6.25e-06,6.26e-06,6.24e-06,6.24e-06,7149.0,2019-12-05 23:00:00
1600,1575583200000,6.25e-06,6.29e-06,6.25e-06,6.27e-06,5997.0,2019-12-05 22:00:00
1601,1575579600000,6.27e-06,6.29e-06,6.24e-06,6.29e-06,4033.0,2019-12-05 21:00:00
1602,1575576000000,6.25e-06,6.27e-06,6.25e-06,6.27e-06,741.0,2019-12-05 20:00:00
1603,1575572400000,6.23e-06,6.25e-06,6.22e-06,6.22e-06,81787.0,2019-12-05 19:00:00
1604,1575568800000,6.32e-06,6.32e-06,6.18e-06,6.24e-06,193606.0,2019-12-05 18:00:00
1605,1575565200000,6.29e-06,6.34e-06,6.29e-06,6.33e-06,131376.0,2019-12-05 17:00:00
1606,1575561600000,6.26e-06,6.3e-06,6.26e-06,6.26e-06,13131.0,2019-12-05 16:00:00
1607,1575558000000,6.29e-06,6.29e-06,6.26e-06,6.29e-06,7888.0,2019-12-05 15:00:00
1608,1575554400000,6.27e-06,6.32e-06,6.25e-06,6.3e-06,44136.0,2019-12-05 14:00:00
1609,1575550800000,6.23e-06,6.27e-06,6.16e-06,6.27e-06,163329.0,2019-12-05 13:00:00
1610,1575547200000,6.35e-06,6.37e-06,6.16e-06,6.26e-06,439011.0,2019-12-05 12:00:00
1611,1575543600000,6.37e-06,6.39e-06,6.37e-06,6.39e-06,5977.0,2019-12-05 11:00:00
1612,1575540000000,6.4e-06,6.4e-06,6.33e-06,6.34e-06,127336.0,2019-12-05 10:00:00
1613,1575536400000,6.4e-06,6.41e-06,6.35e-06,6.4e-06,24359.0,2019-12-05 09:00:00
1614,1575532800000,6.51e-06,6.51e-06,6.36e-06,6.41e-06,254304.0,2019-12-05 08:00:00
1615,1575529200000,6.48e-06,6.48e-06,6.48e-06,6.48e-06,775.0,2019-12-05 07:00:00
1616,1575525600000,6.49e-06,6.53e-06,6.48e-06,6.48e-06,23084.0,2019-12-05 06:00:00
1617,1575522000000,6.52e-06,6.52e-06,6.48e-06,6.49e-06,30995.0,2019-12-05 05:00:00
1618,1575518400000,6.54e-06,6.55e-06,6.48e-06,6.52e-06,109313.0,2019-12-05 04:00:00
1619,1575514800000,6.5e-06,6.54e-06,6.48e-06,6.51e-06,4288.0,2019-12-05 03:00:00
1620,1575511200000,6.53e-06,6.55e-06,6.47e-06,6.52e-06,50473.0,2019-12-05 02:00:00
1621,1575507600000,6.5e-06,6.53e-06,6.5e-06,6.53e-06,3675.0,2019-12-05 01:00:00
1622,1575504000000,6.47e-06,6.5e-06,6.47e-06,6.5e-06,1488.0,2019-12-05 00:00:00
1623,1575500400000,6.47e-06,6.47e-06,6.47e-06,6.47e-06,1418.0,2019-12-04 23:00:00
1624,1575496800000,6.5e-06,6.53e-06,6.47e-06,6.5e-06,47996.0,2019-12-04 22:00:00
1625,1575493200000,6.44e-06,6.53e-06,6.44e-06,6.5e-06,103063.0,2019-12-04 21:00:00
1626,1575489600000,6.44e-06,6.46e-06,6.38e-06,6.44e-06,92246.0,2019-12-04 20:00:00
1627,1575486000000,6.46e-06,6.46e-06,6.43e-06,6.43e-06,1497.0,2019-12-04 19:00:00
1628,1575482400000,6.52e-06,6.53e-06,6.45e-06,6.46e-06,81535.0,2019-12-04 18:00:00
1629,1575478800000,6.48e-06,6.52e-06,6.46e-06,6.52e-06,22160.0,2019-12-04 17:00:00
1630,1575475200000,6.44e-06,6.48e-06,6.43e-06,6.48e-06,12468.0,2019-12-04 16:00:00
1631,1575471600000,6.45e-06,6.5e-06,6.42e-06,6.42e-06,71500.0,2019-12-04 15:00:00
1632,1575468000000,6.43e-06,6.47e-06,6.41e-06,6.42e-06,53296.0,2019-12-04 14:00:00
1633,1575464400000,6.58e-06,6.59e-06,6.4e-06,6.44e-06,265730.0,2019-12-04 13:00:00
1634,1575460800000,6.58e-06,6.58e-06,6.56e-06,6.58e-06,15975.0,2019-12-04 12:00:00
1635,1575457200000,6.55e-06,6.58e-06,6.55e-06,6.57e-06,20788.0,2019-12-04 11:00:00
1636,1575453600000,6.6e-06,6.6e-06,6.53e-06,6.53e-06,120252.0,2019-12-04 10:00:00
1637,1575450000000,6.61e-06,6.63e-06,6.59e-06,6.6e-06,52272.0,2019-12-04 09:00:00
1638,1575446400000,6.67e-06,6.67e-06,6.4e-06,6.61e-06,832664.0,2019-12-04 08:00:00
1639,1575442800000,6.66e-06,6.67e-06,6.66e-06,6.67e-06,62.0,2019-12-04 07:00:00
1640,1575439200000,6.68e-06,6.68e-06,6.68e-06,6.68e-06,373.0,2019-12-04 06:00:00
1641,1575435600000,6.68e-06,6.7e-06,6.64e-06,6.64e-06,35527.0,2019-12-04 05:00:00
1642,1575432000000,6.73e-06,6.74e-06,6.62e-06,6.7e-06,140263.0,2019-12-04 04:00:00
1643,1575428400000,6.73e-06,6.74e-06,6.71e-06,6.72e-06,6345.0,2019-12-04 03:00:00
1644,1575424800000,6.75e-06,6.77e-06,6.72e-06,6.72e-06,17568.0,2019-12-04 02:00:00
1645,1575421200000,6.73e-06,6.77e-06,6.69e-06,6.77e-06,73792.0,2019-12-04 01:00:00
1646,1575417600000,6.69e-06,6.76e-06,6.69e-06,6.75e-06,81671.0,2019-12-04 00:00:00
1647,1575414000000,6.68e-06,6.68e-06,6.68e-06,6.68e-06,174.0,2019-12-03 23:00:00
1648,1575410400000,6.67e-06,6.71e-06,6.67e-06,6.68e-06,3570.0,2019-12-03 22:00:00
1649,1575406800000,6.7e-06,6.7e-06,6.67e-06,6.67e-06,10339.0,2019-12-03 21:00:00
1650,1575403200000,6.66e-06,6.7e-06,6.64e-06,6.69e-06,16604.0,2019-12-03 20:00:00
1651,1575399600000,6.69e-06,6.7e-06,6.61e-06,6.65e-06,135774.0,2019-12-03 19:00:00
1652,1575396000000,6.7e-06,6.75e-06,6.64e-06,6.69e-06,851324.0,2019-12-03 18:00:00
1653,1575392400000,6.71e-06,6.72e-06,6.68e-06,6.68e-06,8551.0,2019-12-03 17:00:00
1654,1575388800000,6.67e-06,6.71e-06,6.67e-06,6.68e-06,5465.0,2019-12-03 16:00:00
1655,1575385200000,6.73e-06,6.74e-06,6.68e-06,6.68e-06,44104.0,2019-12-03 15:00:00
1656,1575381600000,6.76e-06,6.76e-06,6.73e-06,6.73e-06,4099.0,2019-12-03 14:00:00
1657,1575378000000,6.75e-06,6.77e-06,6.73e-06,6.73e-06,8558.0,2019-12-03 13:00:00
1658,1575374400000,6.75e-06,6.79e-06,6.68e-06,6.74e-06,68179.0,2019-12-03 12:00:00
1659,1575370800000,6.74e-06,6.79e-06,6.73e-06,6.75e-06,31576.0,2019-12-03 11:00:00
1660,1575367200000,6.83e-06,6.83e-06,6.73e-06,6.73e-06,74370.0,2019-12-03 10:00:00
1661,1575363600000,6.85e-06,6.89e-06,6.81e-06,6.81e-06,13089.0,2019-12-03 09:00:00
1662,1575360000000,6.78e-06,6.85e-06,6.78e-06,6.85e-06,21696.0,2019-12-03 08:00:00
1663,1575356400000,6.84e-06,6.84e-06,6.76e-06,6.8e-06,21716.0,2019-12-03 07:00:00
1664,1575352800000,6.81e-06,6.89e-06,6.8e-06,6.84e-06,76504.0,2019-12-03 06:00:00
1665,1575349200000,6.81e-06,6.81e-06,6.8e-06,6.81e-06,32244.0,2019-12-03 05:00:00
1666,1575345600000,6.8e-06,6.81e-06,6.72e-06,6.81e-06,96792.0,2019-12-03 04:00:00
1667,1575342000000,6.78e-06,6.84e-06,6.78e-06,6.8e-06,25466.0,2019-12-03 03:00:00
1668,1575338400000,6.78e-06,6.8e-06,6.73e-06,6.76e-06,123052.0,2019-12-03 02:00:00
1669,1575334800000,6.99e-06,7.04e-06,6.74e-06,6.78e-06,929223.0,2019-12-03 01:00:00
1670,1575331200000,6.87e-06,7.05e-06,6.86e-06,6.99e-06,861057.0,2019-12-03 00:00:00
1671,1575327600000,6.86e-06,6.9e-06,6.84e-06,6.87e-06,67507.0,2019-12-02 23:00:00
1672,1575324000000,6.87e-06,6.89e-06,6.86e-06,6.89e-06,3929.0,2019-12-02 22:00:00
1673,1575320400000,6.86e-06,6.9e-06,6.85e-06,6.85e-06,72127.0,2019-12-02 21:00:00
1674,1575316800000,6.87e-06,6.87e-06,6.86e-06,6.86e-06,4624.0,2019-12-02 20:00:00
1675,1575313200000,6.87e-06,6.87e-06,6.85e-06,6.87e-06,15200.0,2019-12-02 19:00:00
1676,1575309600000,6.86e-06,6.86e-06,6.85e-06,6.85e-06,4476.0,2019-12-02 18:00:00
1677,1575306000000,6.88e-06,6.88e-06,6.84e-06,6.84e-06,60015.0,2019-12-02 17:00:00
1678,1575302400000,6.88e-06,6.89e-06,6.88e-06,6.88e-06,9872.0,2019-12-02 16:00:00
1679,1575298800000,6.9e-06,6.9e-06,6.87e-06,6.88e-06,105009.0,2019-12-02 15:00:00
1680,1575295200000,6.9e-06,6.9e-06,6.86e-06,6.9e-06,55803.0,2019-12-02 14:00:00
1681,1575291600000,6.91e-06,6.93e-06,6.9e-06,6.9e-06,41667.0,2019-12-02 13:00:00
1682,1575288000000,6.91e-06,6.97e-06,6.88e-06,6.89e-06,69519.0,2019-12-02 12:00:00
1683,1575284400000,6.92e-06,6.96e-06,6.89e-06,6.91e-06,55588.0,2019-12-02 11:00:00
1684,1575280800000,6.86e-06,6.94e-06,6.85e-06,6.92e-06,100987.0,2019-12-02 10:00:00
1685,1575277200000,6.9e-06,6.9e-06,6.82e-06,6.86e-06,168856.0,2019-12-02 09:00:00
1686,1575273600000,6.87e-06,6.91e-06,6.86e-06,6.9e-06,34292.0,2019-12-02 08:00:00
1687,1575270000000,6.91e-06,6.91e-06,6.86e-06,6.87e-06,80850.0,2019-12-02 07:00:00
1688,1575266400000,6.9e-06,6.96e-06,6.9e-06,6.93e-06,93314.0,2019-12-02 06:00:00
1689,1575262800000,6.92e-06,6.94e-06,6.86e-06,6.93e-06,193403.0,2019-12-02 05:00:00
1690,1575259200000,7.16e-06,7.19e-06,6.77e-06,6.92e-06,2642875.0,2019-12-02 04:00:00
1691,1575255600000,7.19e-06,7.19e-06,7.15e-06,7.17e-06,40968.0,2019-12-02 03:00:00
1692,1575252000000,7.18e-06,7.21e-06,7.15e-06,7.17e-06,52607.0,2019-12-02 02:00:00
1693,1575248400000,7.19e-06,7.23e-06,7.18e-06,7.18e-06,25258.0,2019-12-02 01:00:00
1694,1575244800000,7.23e-06,7.29e-06,7.19e-06,7.21e-06,85465.0,2019-12-02 00:00:00
1695,1575241200000,7.17e-06,7.32e-06,7.14e-06,7.23e-06,164700.0,2019-12-01 23:00:00
1696,1575237600000,7.12e-06,7.18e-06,7.1e-06,7.18e-06,24374.0,2019-12-01 22:00:00
1697,1575234000000,7.17e-06,7.18e-06,7.08e-06,7.1e-06,52539.0,2019-12-01 21:00:00
1698,1575230400000,7.17e-06,7.17e-06,7.1e-06,7.17e-06,52967.0,2019-12-01 20:00:00
1699,1575226800000,7.16e-06,7.17e-06,7.09e-06,7.16e-06,54605.0,2019-12-01 19:00:00
1700,1575223200000,7.19e-06,7.21e-06,7.08e-06,7.12e-06,156809.0,2019-12-01 18:00:00
1701,1575219600000,7.18e-06,7.37e-06,7.15e-06,7.19e-06,290273.0,2019-12-01 17:00:00
1702,1575216000000,7.22e-06,7.37e-06,7.07e-06,7.17e-06,1792923.0,2019-12-01 16:00:00
1703,1575212400000,6.95e-06,7.51e-06,6.94e-06,7.22e-06,904648.0,2019-12-01 15:00:00
1704,1575208800000,7.09e-06,7.11e-06,6.93e-06,6.93e-06,196327.0,2019-12-01 14:00:00
1705,1575205200000,6.84e-06,7.1e-06,6.83e-06,7.09e-06,327572.0,2019-12-01 13:00:00
1706,1575201600000,6.84e-06,6.85e-06,6.82e-06,6.83e-06,6401.0,2019-12-01 12:00:00
1707,1575198000000,6.85e-06,6.86e-06,6.81e-06,6.85e-06,30927.0,2019-12-01 11:00:00
1708,1575194400000,6.86e-06,6.87e-06,6.85e-06,6.85e-06,11746.0,2019-12-01 10:00:00
1709,1575190800000,6.85e-06,6.9e-06,6.85e-06,6.86e-06,19476.0,2019-12-01 09:00:00
1710,1575187200000,6.89e-06,6.89e-06,6.85e-06,6.85e-06,10344.0,2019-12-01 08:00:00
1711,1575183600000,6.9e-06,6.91e-06,6.88e-06,6.89e-06,1498.0,2019-12-01 07:00:00
1712,1575180000000,6.87e-06,6.91e-06,6.85e-06,6.9e-06,26620.0,2019-12-01 06:00:00
1713,1575176400000,6.78e-06,6.98e-06,6.78e-06,6.88e-06,229922.0,2019-12-01 05:00:00
1714,1575172800000,6.82e-06,6.85e-06,6.78e-06,6.78e-06,20290.0,2019-12-01 04:00:00
1715,1575169200000,6.79e-06,6.82e-06,6.79e-06,6.79e-06,10451.0,2019-12-01 03:00:00
1716,1575165600000,6.8e-06,6.81e-06,6.79e-06,6.81e-06,16526.0,2019-12-01 02:00:00
1717,1575162000000,6.77e-06,6.82e-06,6.77e-06,6.81e-06,14144.0,2019-12-01 01:00:00
1718,1575158400000,6.8e-06,6.8e-06,6.78e-06,6.8e-06,5274.0,2019-12-01 00:00:00
1719,1575154800000,6.76e-06,6.8e-06,6.76e-06,6.8e-06,1248.0,2019-11-30 23:00:00
1720,1575151200000,6.74e-06,6.77e-06,6.7e-06,6.75e-06,65417.0,2019-11-30 22:00:00
1721,1575147600000,6.76e-06,6.78e-06,6.71e-06,6.74e-06,27183.0,2019-11-30 21:00:00
1722,1575144000000,6.72e-06,6.76e-06,6.72e-06,6.76e-06,14982.0,2019-11-30 20:00:00
1723,1575140400000,6.75e-06,6.75e-06,6.71e-06,6.73e-06,22707.0,2019-11-30 19:00:00
1724,1575136800000,6.77e-06,6.78e-06,6.73e-06,6.78e-06,75989.0,2019-11-30 18:00:00
1725,1575133200000,6.78e-06,6.81e-06,6.77e-06,6.8e-06,5745.0,2019-11-30 17:00:00
1726,1575129600000,6.77e-06,6.8e-06,6.77e-06,6.8e-06,1932.0,2019-11-30 16:00:00
1727,1575126000000,6.79e-06,6.8e-06,6.76e-06,6.8e-06,26488.0,2019-11-30 15:00:00
1728,1575122400000,6.79e-06,6.81e-06,6.73e-06,6.8e-06,62903.0,2019-11-30 14:00:00
1729,1575118800000,6.83e-06,6.83e-06,6.78e-06,6.79e-06,14377.0,2019-11-30 13:00:00
1730,1575115200000,6.83e-06,6.83e-06,6.83e-06,6.83e-06,219.0,2019-11-30 12:00:00
1731,1575111600000,6.84e-06,6.84e-06,6.81e-06,6.81e-06,328.0,2019-11-30 11:00:00
1732,1575108000000,6.82e-06,6.84e-06,6.78e-06,6.82e-06,12709.0,2019-11-30 10:00:00
1733,1575104400000,6.82e-06,6.87e-06,6.81e-06,6.84e-06,14470.0,2019-11-30 09:00:00
1734,1575100800000,6.85e-06,6.86e-06,6.8e-06,6.84e-06,63642.0,2019-11-30 08:00:00
1735,1575097200000,6.89e-06,6.92e-06,6.82e-06,6.88e-06,66023.0,2019-11-30 07:00:00
1736,1575093600000,6.88e-06,6.89e-06,6.87e-06,6.87e-06,2302.0,2019-11-30 06:00:00
1737,1575090000000,6.84e-06,6.89e-06,6.84e-06,6.87e-06,11228.0,2019-11-30 05:00:00
1738,1575086400000,6.82e-06,6.84e-06,6.82e-06,6.84e-06,35475.0,2019-11-30 04:00:00
1739,1575082800000,6.83e-06,6.85e-06,6.82e-06,6.82e-06,6634.0,2019-11-30 03:00:00
1740,1575079200000,6.82e-06,6.85e-06,6.82e-06,6.85e-06,1316.0,2019-11-30 02:00:00
1741,1575075600000,6.85e-06,6.85e-06,6.82e-06,6.82e-06,27858.0,2019-11-30 01:00:00
1742,1575072000000,6.8e-06,6.85e-06,6.77e-06,6.85e-06,41686.0,2019-11-30 00:00:00
1743,1575068400000,6.81e-06,6.81e-06,6.77e-06,6.8e-06,8036.0,2019-11-29 23:00:00
1744,1575064800000,6.79e-06,6.81e-06,6.79e-06,6.81e-06,16689.0,2019-11-29 22:00:00
1745,1575061200000,6.8e-06,6.8e-06,6.75e-06,6.79e-06,53511.0,2019-11-29 21:00:00
1746,1575057600000,6.89e-06,6.95e-06,6.8e-06,6.83e-06,115968.0,2019-11-29 20:00:00
1747,1575054000000,6.71e-06,6.9e-06,6.71e-06,6.89e-06,336465.0,2019-11-29 19:00:00
1748,1575050400000,6.69e-06,6.74e-06,6.66e-06,6.7e-06,98568.0,2019-11-29 18:00:00
1749,1575046800000,6.69e-06,6.69e-06,6.68e-06,6.69e-06,4452.0,2019-11-29 17:00:00
1750,1575043200000,6.66e-06,6.75e-06,6.62e-06,6.65e-06,181012.0,2019-11-29 16:00:00
1751,1575039600000,6.69e-06,6.7e-06,6.62e-06,6.67e-06,32013.0,2019-11-29 15:00:00
1752,1575036000000,6.69e-06,6.7e-06,6.65e-06,6.7e-06,22848.0,2019-11-29 14:00:00
1753,1575032400000,6.78e-06,6.78e-06,6.67e-06,6.69e-06,93310.0,2019-11-29 13:00:00
1754,1575028800000,6.78e-06,6.8e-06,6.77e-06,6.78e-06,27269.0,2019-11-29 12:00:00
1755,1575025200000,6.78e-06,6.78e-06,6.73e-06,6.78e-06,100035.0,2019-11-29 11:00:00
1756,1575021600000,6.85e-06,6.85e-06,6.76e-06,6.79e-06,34641.0,2019-11-29 10:00:00
1757,1575018000000,6.82e-06,6.86e-06,6.82e-06,6.86e-06,4998.0,2019-11-29 09:00:00
1758,1575014400000,6.84e-06,6.85e-06,6.82e-06,6.83e-06,9065.0,2019-11-29 08:00:00
1759,1575010800000,6.84e-06,6.87e-06,6.83e-06,6.84e-06,8756.0,2019-11-29 07:00:00
1760,1575007200000,6.85e-06,6.85e-06,6.84e-06,6.85e-06,1063.0,2019-11-29 06:00:00
1761,1575003600000,6.82e-06,6.85e-06,6.82e-06,6.85e-06,928.0,2019-11-29 05:00:00
1762,1575000000000,6.84e-06,6.84e-06,6.82e-06,6.83e-06,12379.0,2019-11-29 04:00:00
1763,1574996400000,6.9e-06,6.9e-06,6.84e-06,6.84e-06,14316.0,2019-11-29 03:00:00
1764,1574992800000,6.9e-06,6.9e-06,6.9e-06,6.9e-06,1539.0,2019-11-29 02:00:00
1765,1574989200000,6.87e-06,6.9e-06,6.86e-06,6.9e-06,4542.0,2019-11-29 01:00:00
1766,1574985600000,6.88e-06,6.9e-06,6.86e-06,6.87e-06,2968.0,2019-11-29 00:00:00
1767,1574982000000,6.87e-06,6.89e-06,6.87e-06,6.89e-06,4911.0,2019-11-28 23:00:00
1768,1574978400000,6.83e-06,6.86e-06,6.82e-06,6.86e-06,25233.0,2019-11-28 22:00:00
1769,1574974800000,6.83e-06,6.85e-06,6.83e-06,6.83e-06,17845.0,2019-11-28 21:00:00
1770,1574971200000,6.84e-06,6.85e-06,6.83e-06,6.85e-06,1048.0,2019-11-28 20:00:00
1771,1574967600000,6.89e-06,6.89e-06,6.83e-06,6.84e-06,84377.0,2019-11-28 19:00:00
1772,1574964000000,6.91e-06,6.92e-06,6.84e-06,6.88e-06,42916.0,2019-11-28 18:00:00
1773,1574960400000,6.87e-06,6.91e-06,6.86e-06,6.91e-06,5812.0,2019-11-28 17:00:00
1774,1574956800000,6.88e-06,6.89e-06,6.84e-06,6.89e-06,4526.0,2019-11-28 16:00:00
1775,1574953200000,6.95e-06,6.96e-06,6.86e-06,6.88e-06,57775.0,2019-11-28 15:00:00
1776,1574949600000,6.91e-06,6.95e-06,6.9e-06,6.92e-06,11494.0,2019-11-28 14:00:00
1777,1574946000000,6.96e-06,6.96e-06,6.91e-06,6.91e-06,6117.0,2019-11-28 13:00:00
1778,1574942400000,6.98e-06,6.98e-06,6.92e-06,6.96e-06,32457.0,2019-11-28 12:00:00
1779,1574938800000,6.96e-06,6.98e-06,6.96e-06,6.98e-06,3668.0,2019-11-28 11:00:00
1780,1574935200000,6.98e-06,6.98e-06,6.93e-06,6.93e-06,38774.0,2019-11-28 10:00:00
1781,1574931600000,7.01e-06,7.01e-06,6.95e-06,6.98e-06,34615.0,2019-11-28 09:00:00
1782,1574928000000,7.03e-06,7.06e-06,6.97e-06,7.02e-06,56527.0,2019-11-28 08:00:00
1783,1574924400000,7.02e-06,7.05e-06,7e-06,7.04e-06,13831.0,2019-11-28 07:00:00
1784,1574920800000,6.95e-06,7.06e-06,6.95e-06,7e-06,84282.0,2019-11-28 06:00:00
1785,1574917200000,6.98e-06,7.02e-06,6.95e-06,6.98e-06,27908.0,2019-11-28 05:00:00
1786,1574913600000,6.9e-06,7e-06,6.89e-06,6.98e-06,96896.0,2019-11-28 04:00:00
1787,1574910000000,6.91e-06,6.96e-06,6.89e-06,6.89e-06,78993.0,2019-11-28 03:00:00
1788,1574906400000,6.88e-06,6.92e-06,6.87e-06,6.88e-06,24407.0,2019-11-28 02:00:00
1789,1574902800000,6.9e-06,6.9e-06,6.88e-06,6.88e-06,966.0,2019-11-28 01:00:00
1790,1574899200000,6.91e-06,6.91e-06,6.88e-06,6.88e-06,42375.0,2019-11-28 00:00:00
1791,1574895600000,6.87e-06,6.94e-06,6.87e-06,6.93e-06,54832.0,2019-11-27 23:00:00
1792,1574892000000,6.82e-06,6.9e-06,6.8e-06,6.89e-06,62383.0,2019-11-27 22:00:00
1793,1574888400000,6.84e-06,6.87e-06,6.79e-06,6.85e-06,41382.0,2019-11-27 21:00:00
1794,1574884800000,6.9e-06,6.92e-06,6.79e-06,6.8e-06,89351.0,2019-11-27 20:00:00
1795,1574881200000,6.93e-06,6.96e-06,6.87e-06,6.9e-06,79425.0,2019-11-27 19:00:00
1796,1574877600000,6.97e-06,6.97e-06,6.87e-06,6.92e-06,59837.0,2019-11-27 18:00:00
1797,1574874000000,7.02e-06,7.02e-06,6.87e-06,7e-06,225559.0,2019-11-27 17:00:00
1798,1574870400000,7.16e-06,7.17e-06,6.99e-06,7.02e-06,257730.0,2019-11-27 16:00:00
1799,1574866800000,7.13e-06,7.47e-06,7.13e-06,7.16e-06,1333564.0,2019-11-27 15:00:00
1800,1574863200000,7.07e-06,7.15e-06,6.94e-06,7.13e-06,421066.0,2019-11-27 14:00:00
1801,1574859600000,7.19e-06,7.21e-06,6.9e-06,7.08e-06,682905.0,2019-11-27 13:00:00
1802,1574856000000,6.91e-06,7.3e-06,6.71e-06,7.19e-06,1536193.0,2019-11-27 12:00:00
1803,1574852400000,6.76e-06,7.06e-06,6.69e-06,6.9e-06,984996.0,2019-11-27 11:00:00
1804,1574848800000,6.59e-06,6.8e-06,6.57e-06,6.77e-06,535178.0,2019-11-27 10:00:00
1805,1574845200000,6.59e-06,6.6e-06,6.48e-06,6.58e-06,165012.0,2019-11-27 09:00:00
1806,1574841600000,6.58e-06,6.61e-06,6.55e-06,6.59e-06,28838.0,2019-11-27 08:00:00
1807,1574838000000,6.5e-06,6.59e-06,6.49e-06,6.56e-06,93913.0,2019-11-27 07:00:00
1808,1574834400000,6.5e-06,6.53e-06,6.48e-06,6.49e-06,105667.0,2019-11-27 06:00:00
1809,1574830800000,6.54e-06,6.55e-06,6.5e-06,6.5e-06,94974.0,2019-11-27 05:00:00
1810,1574827200000,6.51e-06,6.53e-06,6.5e-06,6.51e-06,4305.0,2019-11-27 04:00:00
1811,1574823600000,6.57e-06,6.57e-06,6.5e-06,6.52e-06,188280.0,2019-11-27 03:00:00
1812,1574820000000,6.56e-06,6.6e-06,6.56e-06,6.6e-06,71170.0,2019-11-27 02:00:00
1813,1574816400000,6.6e-06,6.6e-06,6.54e-06,6.56e-06,42871.0,2019-11-27 01:00:00
1814,1574812800000,6.65e-06,6.68e-06,6.55e-06,6.59e-06,103621.0,2019-11-27 00:00:00
1815,1574809200000,6.6e-06,6.69e-06,6.59e-06,6.65e-06,133908.0,2019-11-26 23:00:00
1816,1574805600000,6.64e-06,6.65e-06,6.6e-06,6.61e-06,19595.0,2019-11-26 22:00:00
1817,1574802000000,6.64e-06,6.64e-06,6.59e-06,6.62e-06,11821.0,2019-11-26 21:00:00
1818,1574798400000,6.61e-06,6.64e-06,6.6e-06,6.63e-06,25463.0,2019-11-26 20:00:00
1819,1574794800000,6.64e-06,6.68e-06,6.6e-06,6.6e-06,116257.0,2019-11-26 19:00:00
1820,1574791200000,6.7e-06,6.75e-06,6.65e-06,6.65e-06,145310.0,2019-11-26 18:00:00
1821,1574787600000,6.65e-06,6.71e-06,6.53e-06,6.7e-06,375012.0,2019-11-26 17:00:00
1822,1574784000000,6.42e-06,6.68e-06,6.38e-06,6.66e-06,1763355.0,2019-11-26 16:00:00
1823,1574780400000,6.39e-06,6.43e-06,6.36e-06,6.42e-06,104985.0,2019-11-26 15:00:00
1824,1574776800000,6.29e-06,6.4e-06,6.27e-06,6.36e-06,451173.0,2019-11-26 14:00:00
1825,1574773200000,6.23e-06,6.3e-06,6.23e-06,6.27e-06,66362.0,2019-11-26 13:00:00
1826,1574769600000,6.23e-06,6.26e-06,6.22e-06,6.25e-06,5190.0,2019-11-26 12:00:00
1827,1574766000000,6.28e-06,6.29e-06,6.2e-06,6.23e-06,92568.0,2019-11-26 11:00:00
1828,1574762400000,6.26e-06,6.35e-06,6.19e-06,6.28e-06,218612.0,2019-11-26 10:00:00
1829,1574758800000,6.23e-06,6.25e-06,6.19e-06,6.25e-06,45978.0,2019-11-26 09:00:00
1830,1574755200000,6.27e-06,6.27e-06,6.18e-06,6.22e-06,47760.0,2019-11-26 08:00:00
1831,1574751600000,6.15e-06,6.32e-06,6.15e-06,6.27e-06,397896.0,2019-11-26 07:00:00
1832,1574748000000,6.12e-06,6.18e-06,6.11e-06,6.13e-06,121727.0,2019-11-26 06:00:00
1833,1574744400000,6.12e-06,6.13e-06,6.11e-06,6.12e-06,10628.0,2019-11-26 05:00:00
1834,1574740800000,6.11e-06,6.13e-06,6.1e-06,6.11e-06,38651.0,2019-11-26 04:00:00
1835,1574737200000,6.15e-06,6.15e-06,6.11e-06,6.11e-06,13131.0,2019-11-26 03:00:00
1836,1574733600000,6.14e-06,6.15e-06,6.13e-06,6.15e-06,1957.0,2019-11-26 02:00:00
1837,1574730000000,6.13e-06,6.14e-06,6.11e-06,6.13e-06,25686.0,2019-11-26 01:00:00
1838,1574726400000,6.18e-06,6.18e-06,6.11e-06,6.13e-06,123243.0,2019-11-26 00:00:00
1839,1574722800000,6.19e-06,6.2e-06,6.17e-06,6.17e-06,7429.0,2019-11-25 23:00:00
1840,1574719200000,6.17e-06,6.19e-06,6.16e-06,6.19e-06,7805.0,2019-11-25 22:00:00
1841,1574715600000,6.19e-06,6.19e-06,6.17e-06,6.19e-06,12669.0,2019-11-25 21:00:00
1842,1574712000000,6.17e-06,6.19e-06,6.16e-06,6.19e-06,54741.0,2019-11-25 20:00:00
1843,1574708400000,6.15e-06,6.17e-06,6.13e-06,6.16e-06,28514.0,2019-11-25 19:00:00
1844,1574704800000,6.14e-06,6.16e-06,6.13e-06,6.15e-06,3157.0,2019-11-25 18:00:00
1845,1574701200000,6.14e-06,6.16e-06,6.14e-06,6.15e-06,6668.0,2019-11-25 17:00:00
1846,1574697600000,6.12e-06,6.14e-06,6.11e-06,6.12e-06,16255.0,2019-11-25 16:00:00
1847,1574694000000,6.14e-06,6.17e-06,6.11e-06,6.11e-06,92244.0,2019-11-25 15:00:00
1848,1574690400000,6.15e-06,6.16e-06,6.12e-06,6.12e-06,18891.0,2019-11-25 14:00:00
1849,1574686800000,6.16e-06,6.22e-06,6.11e-06,6.13e-06,159465.0,2019-11-25 13:00:00
1850,1574683200000,6.17e-06,6.18e-06,6.1e-06,6.14e-06,138560.0,2019-11-25 12:00:00
1851,1574679600000,6.19e-06,6.19e-06,6.13e-06,6.17e-06,57052.0,2019-11-25 11:00:00
1852,1574676000000,6.2e-06,6.2e-06,6.15e-06,6.17e-06,41406.0,2019-11-25 10:00:00
1853,1574672400000,6.22e-06,6.23e-06,6.16e-06,6.2e-06,131427.0,2019-11-25 09:00:00
1854,1574668800000,6.27e-06,6.27e-06,6.22e-06,6.22e-06,18294.0,2019-11-25 08:00:00
1855,1574665200000,6.19e-06,6.27e-06,6.17e-06,6.27e-06,34649.0,2019-11-25 07:00:00
1856,1574661600000,6.19e-06,6.22e-06,6.15e-06,6.19e-06,65742.0,2019-11-25 06:00:00
1857,1574658000000,6.2e-06,6.23e-06,6.17e-06,6.19e-06,68229.0,2019-11-25 05:00:00
1858,1574654400000,6.22e-06,6.24e-06,6.17e-06,6.18e-06,129882.0,2019-11-25 04:00:00
1859,1574643600000,6.24e-06,6.3e-06,6.18e-06,6.22e-06,258077.0,2019-11-25 01:00:00
1860,1574640000000,6.25e-06,6.3e-06,6.2e-06,6.24e-06,40010.0,2019-11-25 00:00:00
1861,1574636400000,6.23e-06,6.27e-06,6.22e-06,6.25e-06,61820.0,2019-11-24 23:00:00
1862,1574632800000,6.21e-06,6.25e-06,6.21e-06,6.23e-06,6475.0,2019-11-24 22:00:00
1863,1574629200000,6.19e-06,6.2e-06,6.19e-06,6.2e-06,540.0,2019-11-24 21:00:00
1864,1574625600000,6.23e-06,6.24e-06,6.19e-06,6.19e-06,14908.0,2019-11-24 20:00:00
1865,1574622000000,6.22e-06,6.23e-06,6.21e-06,6.23e-06,2043.0,2019-11-24 19:00:00
1866,1574618400000,6.24e-06,6.24e-06,6.2e-06,6.22e-06,54391.0,2019-11-24 18:00:00
1867,1574614800000,6.26e-06,6.28e-06,6.24e-06,6.24e-06,3104.0,2019-11-24 17:00:00
1868,1574611200000,6.2e-06,6.26e-06,6.2e-06,6.26e-06,8065.0,2019-11-24 16:00:00
1869,1574607600000,6.2e-06,6.24e-06,6.2e-06,6.22e-06,46112.0,2019-11-24 15:00:00
1870,1574604000000,6.19e-06,6.22e-06,6.18e-06,6.19e-06,54591.0,2019-11-24 14:00:00
1871,1574600400000,6.23e-06,6.24e-06,6.2e-06,6.2e-06,13229.0,2019-11-24 13:00:00
1872,1574596800000,6.22e-06,6.26e-06,6.21e-06,6.23e-06,12486.0,2019-11-24 12:00:00
1873,1574593200000,6.21e-06,6.23e-06,6.15e-06,6.23e-06,46261.0,2019-11-24 11:00:00
1874,1574589600000,6.23e-06,6.27e-06,6.2e-06,6.23e-06,27089.0,2019-11-24 10:00:00
1875,1574586000000,6.23e-06,6.26e-06,6.23e-06,6.23e-06,3884.0,2019-11-24 09:00:00
1876,1574582400000,6.26e-06,6.26e-06,6.22e-06,6.25e-06,6716.0,2019-11-24 08:00:00
1877,1574578800000,6.24e-06,6.27e-06,6.24e-06,6.27e-06,14540.0,2019-11-24 07:00:00
1878,1574575200000,6.25e-06,6.27e-06,6.21e-06,6.25e-06,16520.0,2019-11-24 06:00:00
1879,1574571600000,6.26e-06,6.26e-06,6.23e-06,6.26e-06,8268.0,2019-11-24 05:00:00
1880,1574568000000,6.25e-06,6.25e-06,6.23e-06,6.24e-06,3933.0,2019-11-24 04:00:00
1881,1574564400000,6.26e-06,6.26e-06,6.21e-06,6.24e-06,9712.0,2019-11-24 03:00:00
1882,1574560800000,6.24e-06,6.29e-06,6.23e-06,6.28e-06,13695.0,2019-11-24 02:00:00
1883,1574557200000,6.23e-06,6.25e-06,6.21e-06,6.23e-06,13131.0,2019-11-24 01:00:00
1884,1574553600000,6.24e-06,6.27e-06,6.21e-06,6.23e-06,38094.0,2019-11-24 00:00:00
1885,1574550000000,6.25e-06,6.28e-06,6.24e-06,6.24e-06,3472.0,2019-11-23 23:00:00
1886,1574546400000,6.28e-06,6.28e-06,6.25e-06,6.25e-06,12194.0,2019-11-23 22:00:00
1887,1574542800000,6.27e-06,6.29e-06,6.26e-06,6.26e-06,14344.0,2019-11-23 21:00:00
1888,1574539200000,6.27e-06,6.29e-06,6.26e-06,6.28e-06,1013.0,2019-11-23 20:00:00
1889,1574535600000,6.26e-06,6.26e-06,6.25e-06,6.26e-06,4383.0,2019-11-23 19:00:00
1890,1574532000000,6.29e-06,6.31e-06,6.26e-06,6.26e-06,24465.0,2019-11-23 18:00:00
1891,1574528400000,6.26e-06,6.3e-06,6.23e-06,6.29e-06,106272.0,2019-11-23 17:00:00
1892,1574524800000,6.17e-06,6.27e-06,6.16e-06,6.26e-06,192788.0,2019-11-23 16:00:00
1893,1574521200000,6.17e-06,6.19e-06,6.15e-06,6.16e-06,76762.0,2019-11-23 15:00:00
1894,1574517600000,6.2e-06,6.2e-06,6.16e-06,6.16e-06,74675.0,2019-11-23 14:00:00
1895,1574514000000,6.22e-06,6.23e-06,6.19e-06,6.21e-06,12514.0,2019-11-23 13:00:00
1896,1574510400000,6.22e-06,6.24e-06,6.22e-06,6.24e-06,848.0,2019-11-23 12:00:00
1897,1574506800000,6.25e-06,6.25e-06,6.22e-06,6.22e-06,13278.0,2019-11-23 11:00:00
1898,1574503200000,6.22e-06,6.25e-06,6.22e-06,6.25e-06,2342.0,2019-11-23 10:00:00
1899,1574499600000,6.2e-06,6.26e-06,6.17e-06,6.22e-06,73375.0,2019-11-23 09:00:00
1900,1574496000000,6.18e-06,6.2e-06,6.17e-06,6.19e-06,19554.0,2019-11-23 08:00:00
1901,1574492400000,6.19e-06,6.2e-06,6.18e-06,6.18e-06,17079.0,2019-11-23 07:00:00
1902,1574488800000,6.17e-06,6.17e-06,6.17e-06,6.17e-06,4017.0,2019-11-23 06:00:00
1903,1574485200000,6.23e-06,6.25e-06,6.16e-06,6.18e-06,30536.0,2019-11-23 05:00:00
1904,1574481600000,6.22e-06,6.23e-06,6.2e-06,6.2e-06,2204.0,2019-11-23 04:00:00
1905,1574478000000,6.22e-06,6.23e-06,6.22e-06,6.23e-06,2345.0,2019-11-23 03:00:00
1906,1574474400000,6.23e-06,6.25e-06,6.2e-06,6.2e-06,4748.0,2019-11-23 02:00:00
1907,1574470800000,6.23e-06,6.25e-06,6.23e-06,6.25e-06,15894.0,2019-11-23 01:00:00
1908,1574467200000,6.18e-06,6.26e-06,6.18e-06,6.2e-06,39525.0,2019-11-23 00:00:00
1909,1574463600000,6.16e-06,6.16e-06,6.15e-06,6.15e-06,917.0,2019-11-22 23:00:00
1910,1574460000000,6.19e-06,6.21e-06,6.14e-06,6.19e-06,24754.0,2019-11-22 22:00:00
1911,1574456400000,6.17e-06,6.22e-06,6.16e-06,6.19e-06,13045.0,2019-11-22 21:00:00
1912,1574452800000,6.21e-06,6.21e-06,6.15e-06,6.18e-06,77184.0,2019-11-22 20:00:00
1913,1574449200000,6.2e-06,6.25e-06,6.19e-06,6.2e-06,23141.0,2019-11-22 19:00:00
1914,1574445600000,6.24e-06,6.25e-06,6.21e-06,6.22e-06,55091.0,2019-11-22 18:00:00
1915,1574442000000,6.24e-06,6.25e-06,6.21e-06,6.21e-06,3109.0,2019-11-22 17:00:00
1916,1574438400000,6.24e-06,6.24e-06,6.21e-06,6.24e-06,12042.0,2019-11-22 16:00:00
1917,1574434800000,6.14e-06,6.26e-06,6.14e-06,6.22e-06,64345.0,2019-11-22 15:00:00
1918,1574431200000,6.16e-06,6.23e-06,6.11e-06,6.16e-06,107410.0,2019-11-22 14:00:00
1919,1574427600000,6.22e-06,6.22e-06,6.09e-06,6.16e-06,95799.0,2019-11-22 13:00:00
1920,1574424000000,6.17e-06,6.22e-06,6.13e-06,6.22e-06,113113.0,2019-11-22 12:00:00
1921,1574420400000,6.16e-06,6.19e-06,6.16e-06,6.16e-06,20759.0,2019-11-22 11:00:00
1922,1574416800000,6.14e-06,6.33e-06,6.13e-06,6.19e-06,668118.0,2019-11-22 10:00:00
1923,1574413200000,6.15e-06,6.17e-06,6.1e-06,6.14e-06,50645.0,2019-11-22 09:00:00
1924,1574409600000,6.15e-06,6.18e-06,6.15e-06,6.16e-06,10073.0,2019-11-22 08:00:00
1925,1574406000000,6.16e-06,6.18e-06,6.13e-06,6.15e-06,20461.0,2019-11-22 07:00:00
1926,1574402400000,6.19e-06,6.2e-06,6.15e-06,6.15e-06,51096.0,2019-11-22 06:00:00
1927,1574398800000,6.17e-06,6.19e-06,6.16e-06,6.18e-06,16470.0,2019-11-22 05:00:00
1928,1574395200000,6.17e-06,6.19e-06,6.17e-06,6.17e-06,2122.0,2019-11-22 04:00:00
1929,1574391600000,6.16e-06,6.19e-06,6.16e-06,6.17e-06,20812.0,2019-11-22 03:00:00
1930,1574388000000,6.17e-06,6.18e-06,6.13e-06,6.15e-06,47788.0,2019-11-22 02:00:00
1931,1574384400000,6.27e-06,6.28e-06,6.15e-06,6.15e-06,48260.0,2019-11-22 01:00:00
1932,1574380800000,6.19e-06,6.32e-06,6.16e-06,6.27e-06,195458.0,2019-11-22 00:00:00
1933,1574377200000,6.19e-06,6.24e-06,6.19e-06,6.2e-06,12816.0,2019-11-21 23:00:00
1934,1574373600000,6.21e-06,6.22e-06,6.19e-06,6.2e-06,10921.0,2019-11-21 22:00:00
1935,1574370000000,6.23e-06,6.23e-06,6.23e-06,6.23e-06,0.0,2019-11-21 21:00:00
1936,1574366400000,6.25e-06,6.27e-06,6.22e-06,6.23e-06,25659.0,2019-11-21 20:00:00
1937,1574362800000,6.21e-06,6.25e-06,6.19e-06,6.25e-06,4747.0,2019-11-21 19:00:00
1938,1574359200000,6.2e-06,6.23e-06,6.19e-06,6.23e-06,15593.0,2019-11-21 18:00:00
1939,1574355600000,6.2e-06,6.23e-06,6.19e-06,6.2e-06,14831.0,2019-11-21 17:00:00
1940,1574352000000,6.22e-06,6.24e-06,6.2e-06,6.2e-06,31413.0,2019-11-21 16:00:00
1941,1574348400000,6.14e-06,6.28e-06,6.14e-06,6.23e-06,63940.0,2019-11-21 15:00:00
1942,1574344800000,6.14e-06,6.14e-06,6.1e-06,6.13e-06,68486.0,2019-11-21 14:00:00
1943,1574341200000,6.1e-06,6.15e-06,6.1e-06,6.14e-06,16601.0,2019-11-21 13:00:00
1944,1574337600000,6.1e-06,6.13e-06,6.08e-06,6.12e-06,24314.0,2019-11-21 12:00:00
1945,1574334000000,6.16e-06,6.16e-06,6.08e-06,6.08e-06,153539.0,2019-11-21 11:00:00
1946,1574330400000,6.22e-06,6.22e-06,6.13e-06,6.18e-06,148346.0,2019-11-21 10:00:00
1947,1574326800000,6.21e-06,6.23e-06,6.17e-06,6.23e-06,37497.0,2019-11-21 09:00:00
1948,1574323200000,6.19e-06,6.23e-06,6.18e-06,6.23e-06,14647.0,2019-11-21 08:00:00
1949,1574319600000,6.18e-06,6.22e-06,6.13e-06,6.22e-06,48389.0,2019-11-21 07:00:00
1950,1574316000000,6.2e-06,6.2e-06,6.18e-06,6.18e-06,12672.0,2019-11-21 06:00:00
1951,1574312400000,6.23e-06,6.23e-06,6.18e-06,6.2e-06,19338.0,2019-11-21 05:00:00
1952,1574308800000,6.23e-06,6.23e-06,6.23e-06,6.23e-06,83.0,2019-11-21 04:00:00
1953,1574305200000,6.21e-06,6.21e-06,6.21e-06,6.21e-06,1241.0,2019-11-21 03:00:00
1954,1574301600000,6.22e-06,6.23e-06,6.19e-06,6.23e-06,4774.0,2019-11-21 02:00:00
1955,1574298000000,6.23e-06,6.23e-06,6.23e-06,6.23e-06,1051.0,2019-11-21 01:00:00
1956,1574294400000,6.21e-06,6.25e-06,6.21e-06,6.24e-06,30329.0,2019-11-21 00:00:00
1957,1574290800000,6.26e-06,6.34e-06,6.19e-06,6.21e-06,136328.0,2019-11-20 23:00:00
1958,1574287200000,6.27e-06,6.27e-06,6.27e-06,6.27e-06,1376.0,2019-11-20 22:00:00
1959,1574283600000,6.25e-06,6.27e-06,6.25e-06,6.27e-06,1332.0,2019-11-20 21:00:00
1960,1574280000000,6.26e-06,6.28e-06,6.23e-06,6.23e-06,9348.0,2019-11-20 20:00:00
1961,1574276400000,6.25e-06,6.28e-06,6.21e-06,6.26e-06,32813.0,2019-11-20 19:00:00
1962,1574272800000,6.25e-06,6.25e-06,6.21e-06,6.22e-06,7502.0,2019-11-20 18:00:00
1963,1574269200000,6.29e-06,6.3e-06,6.25e-06,6.25e-06,28902.0,2019-11-20 17:00:00
1964,1574265600000,6.27e-06,6.3e-06,6.22e-06,6.27e-06,48222.0,2019-11-20 16:00:00
1965,1574262000000,6.31e-06,6.31e-06,6.26e-06,6.29e-06,81946.0,2019-11-20 15:00:00
1966,1574258400000,6.26e-06,6.33e-06,6.26e-06,6.31e-06,121769.0,2019-11-20 14:00:00
1967,1574254800000,6.26e-06,6.27e-06,6.25e-06,6.26e-06,22595.0,2019-11-20 13:00:00
1968,1574251200000,6.27e-06,6.29e-06,6.24e-06,6.25e-06,16822.0,2019-11-20 12:00:00
1969,1574247600000,6.24e-06,6.28e-06,6.24e-06,6.25e-06,11671.0,2019-11-20 11:00:00
1970,1574244000000,6.25e-06,6.26e-06,6.22e-06,6.24e-06,30761.0,2019-11-20 10:00:00
1971,1574240400000,6.23e-06,6.24e-06,6.22e-06,6.24e-06,2580.0,2019-11-20 09:00:00
1972,1574236800000,6.24e-06,6.27e-06,6.22e-06,6.23e-06,5372.0,2019-11-20 08:00:00
1973,1574233200000,6.28e-06,6.28e-06,6.23e-06,6.24e-06,13656.0,2019-11-20 07:00:00
1974,1574229600000,6.25e-06,6.3e-06,6.24e-06,6.27e-06,51079.0,2019-11-20 06:00:00
1975,1574226000000,6.26e-06,6.26e-06,6.26e-06,6.26e-06,4110.0,2019-11-20 05:00:00
1976,1574222400000,6.23e-06,6.25e-06,6.23e-06,6.23e-06,1908.0,2019-11-20 04:00:00
1977,1574218800000,6.25e-06,6.25e-06,6.25e-06,6.25e-06,6560.0,2019-11-20 03:00:00
1978,1574215200000,6.25e-06,6.25e-06,6.25e-06,6.25e-06,54.0,2019-11-20 02:00:00
1979,1574211600000,6.24e-06,6.27e-06,6.22e-06,6.24e-06,26337.0,2019-11-20 01:00:00
1980,1574208000000,6.23e-06,6.3e-06,6.21e-06,6.24e-06,63299.0,2019-11-20 00:00:00
1981,1574204400000,6.22e-06,6.25e-06,6.2e-06,6.23e-06,15581.0,2019-11-19 23:00:00
1982,1574200800000,6.16e-06,6.24e-06,6.16e-06,6.2e-06,46098.0,2019-11-19 22:00:00
1983,1574197200000,6.16e-06,6.16e-06,6.15e-06,6.15e-06,3828.0,2019-11-19 21:00:00
1984,1574193600000,6.17e-06,6.2e-06,6.15e-06,6.15e-06,25353.0,2019-11-19 20:00:00
1985,1574190000000,6.14e-06,6.17e-06,6.13e-06,6.17e-06,8599.0,2019-11-19 19:00:00
1986,1574186400000,6.17e-06,6.17e-06,6.17e-06,6.17e-06,178.0,2019-11-19 18:00:00
1987,1574182800000,6.17e-06,6.17e-06,6.14e-06,6.17e-06,39772.0,2019-11-19 17:00:00
1988,1574179200000,6.12e-06,6.17e-06,6.12e-06,6.16e-06,8869.0,2019-11-19 16:00:00
1989,1574175600000,6.14e-06,6.16e-06,6.13e-06,6.13e-06,23535.0,2019-11-19 15:00:00
1990,1574172000000,6.12e-06,6.14e-06,6.08e-06,6.14e-06,53444.0,2019-11-19 14:00:00
1991,1574168400000,6.17e-06,6.18e-06,6.11e-06,6.12e-06,112456.0,2019-11-19 13:00:00
1992,1574164800000,6.15e-06,6.19e-06,6.14e-06,6.17e-06,45952.0,2019-11-19 12:00:00
1993,1574161200000,6.14e-06,6.19e-06,6.14e-06,6.15e-06,61329.0,2019-11-19 11:00:00
1994,1574157600000,6.18e-06,6.18e-06,6.14e-06,6.14e-06,24038.0,2019-11-19 10:00:00
1995,1574154000000,6.18e-06,6.18e-06,6.16e-06,6.18e-06,7945.0,2019-11-19 09:00:00
1996,1574150400000,6.17e-06,6.19e-06,6.12e-06,6.17e-06,55713.0,2019-11-19 08:00:00
1997,1574146800000,6.28e-06,6.28e-06,6.1e-06,6.2e-06,447307.0,2019-11-19 07:00:00
1998,1574143200000,6.32e-06,6.33e-06,6.27e-06,6.27e-06,13183.0,2019-11-19 06:00:00
1999,1574139600000,6.37e-06,6.37e-06,6.29e-06,6.32e-06,101627.0,2019-11-19 05:00:00
2000,1574136000000,6.4e-06,6.4e-06,6.37e-06,6.37e-06,13674.0,2019-11-19 04:00:00
2001,1574132400000,6.39e-06,6.43e-06,6.35e-06,6.4e-06,68067.0,2019-11-19 03:00:00
2002,1574128800000,6.38e-06,6.4e-06,6.38e-06,6.4e-06,1337.0,2019-11-19 02:00:00
2003,1574125200000,6.39e-06,6.4e-06,6.36e-06,6.38e-06,2549.0,2019-11-19 01:00:00
2004,1574121600000,6.4e-06,6.43e-06,6.38e-06,6.4e-06,10971.0,2019-11-19 00:00:00
2005,1574118000000,6.38e-06,6.4e-06,6.35e-06,6.38e-06,9355.0,2019-11-18 23:00:00
2006,1574114400000,6.4e-06,6.4e-06,6.36e-06,6.4e-06,19892.0,2019-11-18 22:00:00
2007,1574110800000,6.37e-06,6.39e-06,6.36e-06,6.37e-06,4576.0,2019-11-18 21:00:00
2008,1574107200000,6.41e-06,6.44e-06,6.38e-06,6.38e-06,113398.0,2019-11-18 20:00:00
2009,1574103600000,6.38e-06,6.41e-06,6.35e-06,6.41e-06,38445.0,2019-11-18 19:00:00
2010,1574100000000,6.37e-06,6.41e-06,6.35e-06,6.37e-06,92869.0,2019-11-18 18:00:00
2011,1574096400000,6.38e-06,6.4e-06,6.37e-06,6.39e-06,16686.0,2019-11-18 17:00:00
2012,1574092800000,6.33e-06,6.39e-06,6.31e-06,6.37e-06,61098.0,2019-11-18 16:00:00
2013,1574089200000,6.3e-06,6.33e-06,6.29e-06,6.33e-06,19210.0,2019-11-18 15:00:00
2014,1574085600000,6.28e-06,6.3e-06,6.27e-06,6.29e-06,9120.0,2019-11-18 14:00:00
2015,1574082000000,6.29e-06,6.3e-06,6.28e-06,6.28e-06,1427.0,2019-11-18 13:00:00
2016,1574078400000,6.3e-06,6.31e-06,6.25e-06,6.31e-06,24678.0,2019-11-18 12:00:00
2017,1574074800000,6.3e-06,6.31e-06,6.26e-06,6.3e-06,34663.0,2019-11-18 11:00:00
2018,1574071200000,6.29e-06,6.32e-06,6.22e-06,6.3e-06,180538.0,2019-11-18 10:00:00
2019,1574067600000,6.29e-06,6.3e-06,6.27e-06,6.27e-06,11410.0,2019-11-18 09:00:00
2020,1574064000000,6.29e-06,6.3e-06,6.28e-06,6.3e-06,1575.0,2019-11-18 08:00:00
2021,1574060400000,6.27e-06,6.31e-06,6.26e-06,6.3e-06,27412.0,2019-11-18 07:00:00
2022,1574056800000,6.31e-06,6.32e-06,6.27e-06,6.29e-06,35109.0,2019-11-18 06:00:00
2023,1574053200000,6.29e-06,6.32e-06,6.29e-06,6.29e-06,3429.0,2019-11-18 05:00:00
2024,1574049600000,6.3e-06,6.32e-06,6.3e-06,6.31e-06,7681.0,2019-11-18 04:00:00
2025,1574046000000,6.32e-06,6.33e-06,6.29e-06,6.3e-06,15831.0,2019-11-18 03:00:00
2026,1574042400000,6.3e-06,6.34e-06,6.3e-06,6.32e-06,12754.0,2019-11-18 02:00:00
2027,1574038800000,6.34e-06,6.34e-06,6.31e-06,6.33e-06,1652.0,2019-11-18 01:00:00
2028,1574035200000,6.32e-06,6.35e-06,6.31e-06,6.34e-06,29678.0,2019-11-18 00:00:00
2029,1574031600000,6.32e-06,6.37e-06,6.29e-06,6.34e-06,67026.0,2019-11-17 23:00:00
2030,1574028000000,6.29e-06,6.29e-06,6.29e-06,6.29e-06,300.0,2019-11-17 22:00:00
2031,1574024400000,6.28e-06,6.33e-06,6.27e-06,6.3e-06,21962.0,2019-11-17 21:00:00
2032,1574020800000,6.33e-06,6.33e-06,6.28e-06,6.31e-06,19442.0,2019-11-17 20:00:00
2033,1574017200000,6.35e-06,6.38e-06,6.33e-06,6.33e-06,12400.0,2019-11-17 19:00:00
2034,1574013600000,6.35e-06,6.36e-06,6.35e-06,6.35e-06,7801.0,2019-11-17 18:00:00
2035,1574010000000,6.32e-06,6.36e-06,6.31e-06,6.36e-06,13926.0,2019-11-17 17:00:00
2036,1574006400000,6.33e-06,6.35e-06,6.31e-06,6.32e-06,2547.0,2019-11-17 16:00:00
2037,1574002800000,6.31e-06,6.34e-06,6.28e-06,6.31e-06,19258.0,2019-11-17 15:00:00
2038,1573999200000,6.33e-06,6.37e-06,6.29e-06,6.3e-06,40114.0,2019-11-17 14:00:00
2039,1573995600000,6.33e-06,6.33e-06,6.29e-06,6.32e-06,2737.0,2019-11-17 13:00:00
2040,1573992000000,6.35e-06,6.37e-06,6.31e-06,6.33e-06,13281.0,2019-11-17 12:00:00
2041,1573988400000,6.32e-06,6.37e-06,6.32e-06,6.35e-06,66002.0,2019-11-17 11:00:00
2042,1573984800000,6.33e-06,6.33e-06,6.32e-06,6.32e-06,274.0,2019-11-17 10:00:00
2043,1573981200000,6.3e-06,6.38e-06,6.29e-06,6.33e-06,57073.0,2019-11-17 09:00:00
2044,1573977600000,6.36e-06,6.38e-06,6.3e-06,6.32e-06,46081.0,2019-11-17 08:00:00
2045,1573974000000,6.4e-06,6.43e-06,6.35e-06,6.35e-06,103390.0,2019-11-17 07:00:00
2046,1573970400000,6.39e-06,6.41e-06,6.36e-06,6.4e-06,32962.0,2019-11-17 06:00:00
2047,1573966800000,6.38e-06,6.41e-06,6.35e-06,6.39e-06,32895.0,2019-11-17 05:00:00
2048,1573963200000,6.33e-06,6.4e-06,6.28e-06,6.38e-06,144447.0,2019-11-17 04:00:00
2049,1573959600000,6.33e-06,6.37e-06,6.33e-06,6.33e-06,58288.0,2019-11-17 03:00:00
2050,1573956000000,6.33e-06,6.33e-06,6.33e-06,6.33e-06,2026.0,2019-11-17 02:00:00
2051,1573952400000,6.33e-06,6.42e-06,6.33e-06,6.33e-06,489438.0,2019-11-17 01:00:00
2052,1573948800000,6.32e-06,6.33e-06,6.3e-06,6.3e-06,3148.0,2019-11-17 00:00:00
2053,1573945200000,6.31e-06,6.32e-06,6.31e-06,6.32e-06,12766.0,2019-11-16 23:00:00
2054,1573941600000,6.33e-06,6.36e-06,6.3e-06,6.32e-06,32820.0,2019-11-16 22:00:00
2055,1573938000000,6.3e-06,6.33e-06,6.29e-06,6.33e-06,962.0,2019-11-16 21:00:00
2056,1573934400000,6.32e-06,6.32e-06,6.3e-06,6.32e-06,872.0,2019-11-16 20:00:00
2057,1573930800000,6.31e-06,6.34e-06,6.29e-06,6.34e-06,3391.0,2019-11-16 19:00:00
2058,1573927200000,6.31e-06,6.36e-06,6.31e-06,6.32e-06,12562.0,2019-11-16 18:00:00
2059,1573923600000,6.34e-06,6.36e-06,6.3e-06,6.31e-06,26568.0,2019-11-16 17:00:00
2060,1573920000000,6.32e-06,6.34e-06,6.3e-06,6.32e-06,165393.0,2019-11-16 16:00:00
2061,1573916400000,6.28e-06,6.32e-06,6.28e-06,6.32e-06,30543.0,2019-11-16 15:00:00
2062,1573912800000,6.21e-06,6.31e-06,6.18e-06,6.28e-06,160930.0,2019-11-16 14:00:00
2063,1573909200000,6.23e-06,6.25e-06,6.21e-06,6.21e-06,9755.0,2019-11-16 13:00:00
2064,1573905600000,6.24e-06,6.27e-06,6.21e-06,6.25e-06,41320.0,2019-11-16 12:00:00
2065,1573902000000,6.28e-06,6.31e-06,6.23e-06,6.24e-06,45465.0,2019-11-16 11:00:00
2066,1573898400000,6.27e-06,6.31e-06,6.24e-06,6.3e-06,102155.0,2019-11-16 10:00:00
2067,1573894800000,6.29e-06,6.29e-06,6.28e-06,6.28e-06,1109.0,2019-11-16 09:00:00
2068,1573891200000,6.27e-06,6.28e-06,6.22e-06,6.28e-06,66344.0,2019-11-16 08:00:00
2069,1573887600000,6.24e-06,6.27e-06,6.24e-06,6.27e-06,16338.0,2019-11-16 07:00:00
2070,1573884000000,6.24e-06,6.24e-06,6.24e-06,6.24e-06,705.0,2019-11-16 06:00:00
2071,1573880400000,6.27e-06,6.27e-06,6.23e-06,6.26e-06,21121.0,2019-11-16 05:00:00
2072,1573876800000,6.28e-06,6.29e-06,6.25e-06,6.27e-06,22739.0,2019-11-16 04:00:00
2073,1573873200000,6.27e-06,6.3e-06,6.26e-06,6.27e-06,15412.0,2019-11-16 03:00:00
2074,1573869600000,6.28e-06,6.3e-06,6.27e-06,6.27e-06,1116.0,2019-11-16 02:00:00
2075,1573866000000,6.29e-06,6.3e-06,6.28e-06,6.3e-06,2187.0,2019-11-16 01:00:00
2076,1573862400000,6.34e-06,6.34e-06,6.29e-06,6.3e-06,42695.0,2019-11-16 00:00:00
2077,1573858800000,6.3e-06,6.34e-06,6.27e-06,6.34e-06,66947.0,2019-11-15 23:00:00
2078,1573855200000,6.28e-06,6.31e-06,6.28e-06,6.29e-06,16310.0,2019-11-15 22:00:00
2079,1573851600000,6.26e-06,6.29e-06,6.25e-06,6.28e-06,7207.0,2019-11-15 21:00:00
2080,1573848000000,6.29e-06,6.29e-06,6.27e-06,6.27e-06,2792.0,2019-11-15 20:00:00
2081,1573844400000,6.29e-06,6.3e-06,6.27e-06,6.29e-06,15348.0,2019-11-15 19:00:00
2082,1573840800000,6.3e-06,6.32e-06,6.28e-06,6.29e-06,34384.0,2019-11-15 18:00:00
2083,1573837200000,6.24e-06,6.3e-06,6.24e-06,6.27e-06,21691.0,2019-11-15 17:00:00
2084,1573833600000,6.29e-06,6.31e-06,6.24e-06,6.24e-06,46610.0,2019-11-15 16:00:00
2085,1573830000000,6.22e-06,6.3e-06,6.18e-06,6.26e-06,65846.0,2019-11-15 15:00:00
2086,1573826400000,6.22e-06,6.25e-06,6.18e-06,6.22e-06,109875.0,2019-11-15 14:00:00
2087,1573822800000,6.22e-06,6.25e-06,6.19e-06,6.25e-06,31461.0,2019-11-15 13:00:00
2088,1573819200000,6.21e-06,6.23e-06,6.2e-06,6.2e-06,8076.0,2019-11-15 12:00:00
2089,1573815600000,6.18e-06,6.21e-06,6.18e-06,6.18e-06,2242.0,2019-11-15 11:00:00
2090,1573812000000,6.2e-06,6.21e-06,6.18e-06,6.18e-06,6677.0,2019-11-15 10:00:00
2091,1573808400000,6.19e-06,6.2e-06,6.11e-06,6.2e-06,213710.0,2019-11-15 09:00:00
2092,1573804800000,6.2e-06,6.21e-06,6.17e-06,6.19e-06,14882.0,2019-11-15 08:00:00
2093,1573801200000,6.26e-06,6.26e-06,6.16e-06,6.2e-06,73676.0,2019-11-15 07:00:00
2094,1573797600000,6.22e-06,6.26e-06,6.19e-06,6.26e-06,66152.0,2019-11-15 06:00:00
2095,1573794000000,6.22e-06,6.24e-06,6.22e-06,6.22e-06,4097.0,2019-11-15 05:00:00
2096,1573790400000,6.22e-06,6.23e-06,6.22e-06,6.22e-06,8026.0,2019-11-15 04:00:00
2097,1573786800000,6.27e-06,6.27e-06,6.22e-06,6.22e-06,3045.0,2019-11-15 03:00:00
2098,1573783200000,6.23e-06,6.27e-06,6.23e-06,6.24e-06,13168.0,2019-11-15 02:00:00
2099,1573779600000,6.24e-06,6.27e-06,6.24e-06,6.27e-06,15191.0,2019-11-15 01:00:00
2100,1573776000000,6.22e-06,6.24e-06,6.21e-06,6.21e-06,7116.0,2019-11-15 00:00:00
2101,1573772400000,6.2e-06,6.25e-06,6.2e-06,6.22e-06,29435.0,2019-11-14 23:00:00
2102,1573768800000,6.2e-06,6.2e-06,6.2e-06,6.2e-06,4407.0,2019-11-14 22:00:00
2103,1573765200000,6.23e-06,6.23e-06,6.2e-06,6.23e-06,6322.0,2019-11-14 21:00:00
2104,1573761600000,6.22e-06,6.23e-06,6.2e-06,6.23e-06,3620.0,2019-11-14 20:00:00
2105,1573758000000,6.21e-06,6.24e-06,6.2e-06,6.22e-06,34165.0,2019-11-14 19:00:00
2106,1573754400000,6.19e-06,6.22e-06,6.18e-06,6.2e-06,4880.0,2019-11-14 18:00:00
2107,1573750800000,6.18e-06,6.22e-06,6.17e-06,6.21e-06,8320.0,2019-11-14 17:00:00
2108,1573747200000,6.17e-06,6.17e-06,6.17e-06,6.17e-06,381.0,2019-11-14 16:00:00
2109,1573743600000,6.17e-06,6.2e-06,6.17e-06,6.2e-06,11122.0,2019-11-14 15:00:00
2110,1573740000000,6.19e-06,6.21e-06,6.14e-06,6.17e-06,39417.0,2019-11-14 14:00:00
2111,1573736400000,6.15e-06,6.2e-06,6.14e-06,6.18e-06,82265.0,2019-11-14 13:00:00
2112,1573732800000,6.13e-06,6.17e-06,6.1e-06,6.17e-06,35268.0,2019-11-14 12:00:00
2113,1573729200000,6.17e-06,6.18e-06,6.09e-06,6.13e-06,95294.0,2019-11-14 11:00:00
2114,1573725600000,6.18e-06,6.18e-06,6.16e-06,6.17e-06,7343.0,2019-11-14 10:00:00
2115,1573722000000,6.18e-06,6.19e-06,6.18e-06,6.19e-06,8899.0,2019-11-14 09:00:00
2116,1573718400000,6.18e-06,6.19e-06,6.16e-06,6.18e-06,18386.0,2019-11-14 08:00:00
2117,1573714800000,6.21e-06,6.22e-06,6.15e-06,6.18e-06,107741.0,2019-11-14 07:00:00
2118,1573711200000,6.22e-06,6.22e-06,6.21e-06,6.22e-06,8084.0,2019-11-14 06:00:00
2119,1573707600000,6.24e-06,6.24e-06,6.21e-06,6.21e-06,24807.0,2019-11-14 05:00:00
2120,1573704000000,6.23e-06,6.25e-06,6.21e-06,6.25e-06,16471.0,2019-11-14 04:00:00
2121,1573700400000,6.26e-06,6.26e-06,6.22e-06,6.24e-06,10083.0,2019-11-14 03:00:00
2122,1573696800000,6.3e-06,6.3e-06,6.23e-06,6.23e-06,112656.0,2019-11-14 02:00:00
2123,1573693200000,6.28e-06,6.31e-06,6.26e-06,6.29e-06,31688.0,2019-11-14 01:00:00
2124,1573689600000,6.29e-06,6.32e-06,6.29e-06,6.29e-06,11249.0,2019-11-14 00:00:00
2125,1573686000000,6.31e-06,6.33e-06,6.29e-06,6.33e-06,8618.0,2019-11-13 23:00:00
2126,1573682400000,6.29e-06,6.32e-06,6.29e-06,6.3e-06,5327.0,2019-11-13 22:00:00
2127,1573678800000,6.32e-06,6.36e-06,6.28e-06,6.32e-06,81759.0,2019-11-13 21:00:00
2128,1573675200000,6.34e-06,6.38e-06,6.3e-06,6.3e-06,53368.0,2019-11-13 20:00:00
2129,1573671600000,6.34e-06,6.34e-06,6.34e-06,6.34e-06,28435.0,2019-11-13 19:00:00
2130,1573668000000,6.34e-06,6.34e-06,6.34e-06,6.34e-06,5737.0,2019-11-13 18:00:00
2131,1573664400000,6.35e-06,6.36e-06,6.34e-06,6.34e-06,9560.0,2019-11-13 17:00:00
2132,1573660800000,6.34e-06,6.35e-06,6.33e-06,6.35e-06,15287.0,2019-11-13 16:00:00
2133,1573657200000,6.35e-06,6.37e-06,6.34e-06,6.37e-06,15738.0,2019-11-13 15:00:00
2134,1573653600000,6.36e-06,6.38e-06,6.35e-06,6.38e-06,21163.0,2019-11-13 14:00:00
2135,1573650000000,6.36e-06,6.39e-06,6.35e-06,6.36e-06,19126.0,2019-11-13 13:00:00
2136,1573646400000,6.33e-06,6.4e-06,6.31e-06,6.36e-06,170435.0,2019-11-13 12:00:00
2137,1573642800000,6.35e-06,6.35e-06,6.32e-06,6.33e-06,8755.0,2019-11-13 11:00:00
2138,1573639200000,6.32e-06,6.35e-06,6.32e-06,6.35e-06,32141.0,2019-11-13 10:00:00
2139,1573635600000,6.31e-06,6.34e-06,6.31e-06,6.32e-06,71808.0,2019-11-13 09:00:00
2140,1573632000000,6.29e-06,6.31e-06,6.29e-06,6.31e-06,57827.0,2019-11-13 08:00:00
2141,1573628400000,6.28e-06,6.29e-06,6.24e-06,6.27e-06,31778.0,2019-11-13 07:00:00
2142,1573624800000,6.3e-06,6.32e-06,6.29e-06,6.29e-06,22869.0,2019-11-13 06:00:00
2143,1573621200000,6.29e-06,6.3e-06,6.29e-06,6.3e-06,1851.0,2019-11-13 05:00:00
2144,1573617600000,6.3e-06,6.3e-06,6.3e-06,6.3e-06,6151.0,2019-11-13 04:00:00
2145,1573606800000,6.28e-06,6.31e-06,6.28e-06,6.3e-06,25697.0,2019-11-13 01:00:00
2146,1573603200000,6.3e-06,6.3e-06,6.24e-06,6.27e-06,51177.0,2019-11-13 00:00:00
2147,1573599600000,6.3e-06,6.3e-06,6.28e-06,6.3e-06,12038.0,2019-11-12 23:00:00
2148,1573596000000,6.29e-06,6.32e-06,6.29e-06,6.32e-06,7037.0,2019-11-12 22:00:00
2149,1573592400000,6.3e-06,6.34e-06,6.28e-06,6.28e-06,15931.0,2019-11-12 21:00:00
2150,1573588800000,6.32e-06,6.34e-06,6.29e-06,6.33e-06,24135.0,2019-11-12 20:00:00
2151,1573585200000,6.31e-06,6.34e-06,6.3e-06,6.32e-06,29884.0,2019-11-12 19:00:00
2152,1573581600000,6.3e-06,6.31e-06,6.3e-06,6.31e-06,24330.0,2019-11-12 18:00:00
2153,1573578000000,6.3e-06,6.3e-06,6.27e-06,6.3e-06,25490.0,2019-11-12 17:00:00
2154,1573574400000,6.35e-06,6.36e-06,6.22e-06,6.3e-06,155280.0,2019-11-12 16:00:00
2155,1573570800000,6.37e-06,6.37e-06,6.31e-06,6.34e-06,111355.0,2019-11-12 15:00:00
2156,1573567200000,6.34e-06,6.37e-06,6.32e-06,6.36e-06,300988.0,2019-11-12 14:00:00
2157,1573563600000,6.37e-06,6.39e-06,6.24e-06,6.34e-06,932794.0,2019-11-12 13:00:00
2158,1573560000000,6.29e-06,6.42e-06,6.19e-06,6.37e-06,553346.0,2019-11-12 12:00:00
2159,1573556400000,6.23e-06,6.33e-06,6.23e-06,6.29e-06,250120.0,2019-11-12 11:00:00
2160,1573552800000,6.18e-06,6.25e-06,6.18e-06,6.23e-06,286267.0,2019-11-12 10:00:00
2161,1573549200000,6.15e-06,6.18e-06,6.15e-06,6.15e-06,18785.0,2019-11-12 09:00:00
2162,1573545600000,6.12e-06,6.17e-06,6.12e-06,6.17e-06,30043.0,2019-11-12 08:00:00
2163,1573542000000,6.11e-06,6.11e-06,6.1e-06,6.1e-06,2905.0,2019-11-12 07:00:00
2164,1573538400000,6.12e-06,6.14e-06,6.09e-06,6.1e-06,10853.0,2019-11-12 06:00:00
2165,1573534800000,6.12e-06,6.14e-06,6.12e-06,6.12e-06,5927.0,2019-11-12 05:00:00
2166,1573531200000,6.13e-06,6.15e-06,6.13e-06,6.15e-06,13276.0,2019-11-12 04:00:00
2167,1573527600000,6.12e-06,6.12e-06,6.11e-06,6.12e-06,6525.0,2019-11-12 03:00:00
2168,1573524000000,6.14e-06,6.14e-06,6.12e-06,6.12e-06,3440.0,2019-11-12 02:00:00
2169,1573520400000,6.11e-06,6.14e-06,6.1e-06,6.14e-06,11048.0,2019-11-12 01:00:00
2170,1573516800000,6.12e-06,6.14e-06,6.11e-06,6.11e-06,17928.0,2019-11-12 00:00:00
2171,1573513200000,6.15e-06,6.15e-06,6.12e-06,6.14e-06,5979.0,2019-11-11 23:00:00
2172,1573509600000,6.15e-06,6.15e-06,6.15e-06,6.15e-06,8893.0,2019-11-11 22:00:00
2173,1573506000000,6.16e-06,6.16e-06,6.15e-06,6.15e-06,5967.0,2019-11-11 21:00:00
2174,1573502400000,6.17e-06,6.19e-06,6.16e-06,6.19e-06,51149.0,2019-11-11 20:00:00
2175,1573498800000,6.12e-06,6.18e-06,6.12e-06,6.17e-06,19235.0,2019-11-11 19:00:00
2176,1573495200000,6.16e-06,6.16e-06,6.14e-06,6.14e-06,8323.0,2019-11-11 18:00:00
2177,1573491600000,6.16e-06,6.18e-06,6.16e-06,6.16e-06,20015.0,2019-11-11 17:00:00
2178,1573488000000,6.14e-06,6.16e-06,6.13e-06,6.16e-06,9617.0,2019-11-11 16:00:00
2179,1573484400000,6.13e-06,6.13e-06,6.09e-06,6.12e-06,6318.0,2019-11-11 15:00:00
2180,1573480800000,6.13e-06,6.14e-06,6.1e-06,6.13e-06,10954.0,2019-11-11 14:00:00
2181,1573477200000,6.1e-06,6.16e-06,6.1e-06,6.1e-06,41058.0,2019-11-11 13:00:00
2182,1573473600000,6.11e-06,6.14e-06,6.08e-06,6.1e-06,29059.0,2019-11-11 12:00:00
2183,1573470000000,6.09e-06,6.14e-06,6.09e-06,6.11e-06,2140.0,2019-11-11 11:00:00
2184,1573466400000,6.14e-06,6.17e-06,6.09e-06,6.09e-06,8039.0,2019-11-11 10:00:00
2185,1573462800000,6.13e-06,6.16e-06,6.08e-06,6.13e-06,54321.0,2019-11-11 09:00:00
2186,1573459200000,6.14e-06,6.14e-06,6.1e-06,6.14e-06,1411.0,2019-11-11 08:00:00
2187,1573455600000,6.12e-06,6.15e-06,6.07e-06,6.14e-06,39274.0,2019-11-11 07:00:00
2188,1573452000000,6.09e-06,6.13e-06,6.06e-06,6.13e-06,12717.0,2019-11-11 06:00:00
2189,1573448400000,6.08e-06,6.1e-06,6.04e-06,6.09e-06,34997.0,2019-11-11 05:00:00
2190,1573444800000,6.08e-06,6.08e-06,6.03e-06,6.08e-06,13129.0,2019-11-11 04:00:00
2191,1573441200000,6.04e-06,6.09e-06,6.04e-06,6.09e-06,4875.0,2019-11-11 03:00:00
2192,1573437600000,6.04e-06,6.04e-06,6.04e-06,6.04e-06,1581.0,2019-11-11 02:00:00
2193,1573434000000,6.04e-06,6.05e-06,6.04e-06,6.05e-06,5960.0,2019-11-11 01:00:00
2194,1573430400000,6.07e-06,6.07e-06,6e-06,6.04e-06,117233.0,2019-11-11 00:00:00
2195,1573426800000,6.04e-06,6.24e-06,6.04e-06,6.08e-06,296634.0,2019-11-10 23:00:00
2196,1573423200000,6.03e-06,6.04e-06,6.03e-06,6.04e-06,7728.0,2019-11-10 22:00:00
2197,1573419600000,6.06e-06,6.07e-06,6.02e-06,6.03e-06,30140.0,2019-11-10 21:00:00
2198,1573416000000,6.05e-06,6.07e-06,6.02e-06,6.03e-06,40473.0,2019-11-10 20:00:00
2199,1573412400000,6.05e-06,6.06e-06,6.05e-06,6.06e-06,4856.0,2019-11-10 19:00:00
2200,1573408800000,6.05e-06,6.06e-06,6.02e-06,6.06e-06,3186.0,2019-11-10 18:00:00
2201,1573405200000,6.06e-06,6.06e-06,6.01e-06,6.05e-06,16039.0,2019-11-10 17:00:00
2202,1573401600000,6.15e-06,6.16e-06,6.01e-06,6.05e-06,193407.0,2019-11-10 16:00:00
2203,1573398000000,6.18e-06,6.19e-06,6.13e-06,6.14e-06,114812.0,2019-11-10 15:00:00
2204,1573394400000,6.21e-06,6.22e-06,6.18e-06,6.18e-06,11241.0,2019-11-10 14:00:00
2205,1573390800000,6.23e-06,6.23e-06,6.2e-06,6.2e-06,3239.0,2019-11-10 13:00:00
2206,1573387200000,6.22e-06,6.23e-06,6.18e-06,6.2e-06,15981.0,2019-11-10 12:00:00
2207,1573383600000,6.21e-06,6.23e-06,6.17e-06,6.19e-06,56332.0,2019-11-10 11:00:00
2208,1573380000000,6.23e-06,6.23e-06,6.17e-06,6.21e-06,31724.0,2019-11-10 10:00:00
2209,1573376400000,6.25e-06,6.26e-06,6.2e-06,6.23e-06,10909.0,2019-11-10 09:00:00
2210,1573372800000,6.23e-06,6.26e-06,6.18e-06,6.25e-06,31328.0,2019-11-10 08:00:00
2211,1573369200000,6.21e-06,6.23e-06,6.21e-06,6.23e-06,7261.0,2019-11-10 07:00:00
2212,1573365600000,6.24e-06,6.24e-06,6.18e-06,6.21e-06,93738.0,2019-11-10 06:00:00
2213,1573362000000,6.23e-06,6.28e-06,6.15e-06,6.28e-06,216910.0,2019-11-10 05:00:00
2214,1573358400000,6.18e-06,6.29e-06,6.18e-06,6.23e-06,319205.0,2019-11-10 04:00:00
2215,1573354800000,6.11e-06,6.28e-06,6.1e-06,6.14e-06,673127.0,2019-11-10 03:00:00
2216,1573351200000,6.07e-06,6.11e-06,6.03e-06,6.07e-06,64890.0,2019-11-10 02:00:00
2217,1573347600000,6.11e-06,6.12e-06,6.06e-06,6.07e-06,43922.0,2019-11-10 01:00:00
2218,1573344000000,6.06e-06,6.12e-06,6.06e-06,6.1e-06,31318.0,2019-11-10 00:00:00
2219,1573340400000,6.05e-06,6.09e-06,6.05e-06,6.09e-06,2695.0,2019-11-09 23:00:00
2220,1573336800000,6.03e-06,6.1e-06,6.03e-06,6.07e-06,12138.0,2019-11-09 22:00:00
2221,1573333200000,6.06e-06,6.06e-06,6.02e-06,6.05e-06,2451.0,2019-11-09 21:00:00
2222,1573329600000,6.03e-06,6.06e-06,6.03e-06,6.06e-06,4400.0,2019-11-09 20:00:00
2223,1573326000000,6.06e-06,6.06e-06,6.03e-06,6.03e-06,3058.0,2019-11-09 19:00:00
2224,1573322400000,6.04e-06,6.06e-06,6.03e-06,6.05e-06,25248.0,2019-11-09 18:00:00
2225,1573318800000,6.06e-06,6.07e-06,6.04e-06,6.07e-06,4350.0,2019-11-09 17:00:00
2226,1573315200000,6.05e-06,6.11e-06,6.04e-06,6.06e-06,53657.0,2019-11-09 16:00:00
2227,1573311600000,6.04e-06,6.1e-06,6.04e-06,6.06e-06,19114.0,2019-11-09 15:00:00
2228,1573308000000,6.04e-06,6.08e-06,6.03e-06,6.03e-06,37087.0,2019-11-09 14:00:00
2229,1573304400000,6.07e-06,6.07e-06,6.03e-06,6.04e-06,22503.0,2019-11-09 13:00:00
2230,1573300800000,6.01e-06,6.12e-06,6.01e-06,6.09e-06,442701.0,2019-11-09 12:00:00
2231,1573297200000,6.04e-06,6.05e-06,6.01e-06,6.01e-06,11431.0,2019-11-09 11:00:00
2232,1573293600000,6.05e-06,6.06e-06,6e-06,6.03e-06,31569.0,2019-11-09 10:00:00
2233,1573290000000,6.02e-06,6.04e-06,6.02e-06,6.02e-06,1505.0,2019-11-09 09:00:00
2234,1573286400000,6.04e-06,6.07e-06,6.02e-06,6.04e-06,27145.0,2019-11-09 08:00:00
2235,1573282800000,5.99e-06,6.06e-06,5.99e-06,6.04e-06,51584.0,2019-11-09 07:00:00
2236,1573279200000,6.02e-06,6.03e-06,5.98e-06,5.99e-06,13008.0,2019-11-09 06:00:00
2237,1573275600000,5.97e-06,5.98e-06,5.97e-06,5.98e-06,5233.0,2019-11-09 05:00:00
2238,1573272000000,5.98e-06,6e-06,5.97e-06,5.97e-06,35050.0,2019-11-09 04:00:00
2239,1573268400000,6e-06,6e-06,5.94e-06,5.97e-06,123639.0,2019-11-09 03:00:00
2240,1573264800000,6.02e-06,6.02e-06,6e-06,6e-06,10481.0,2019-11-09 02:00:00
2241,1573261200000,6e-06,6e-06,6e-06,6e-06,21.0,2019-11-09 01:00:00
2242,1573257600000,5.97e-06,6.03e-06,5.97e-06,6e-06,28990.0,2019-11-09 00:00:00
2243,1573254000000,5.98e-06,5.99e-06,5.97e-06,5.99e-06,6158.0,2019-11-08 23:00:00
2244,1573250400000,5.95e-06,5.98e-06,5.95e-06,5.98e-06,3812.0,2019-11-08 22:00:00
2245,1573246800000,5.97e-06,5.99e-06,5.95e-06,5.99e-06,5154.0,2019-11-08 21:00:00
2246,1573243200000,5.96e-06,5.96e-06,5.94e-06,5.96e-06,23492.0,2019-11-08 20:00:00
2247,1573239600000,5.99e-06,5.99e-06,5.95e-06,5.97e-06,18101.0,2019-11-08 19:00:00
2248,1573236000000,6e-06,6.04e-06,5.96e-06,5.96e-06,50342.0,2019-11-08 18:00:00
2249,1573232400000,5.98e-06,6.01e-06,5.98e-06,5.98e-06,2288.0,2019-11-08 17:00:00
2250,1573228800000,5.98e-06,6.01e-06,5.97e-06,5.97e-06,1491.0,2019-11-08 16:00:00
2251,1573225200000,5.98e-06,6e-06,5.95e-06,5.96e-06,83644.0,2019-11-08 15:00:00
2252,1573221600000,5.98e-06,6.01e-06,5.97e-06,5.97e-06,27300.0,2019-11-08 14:00:00
2253,1573218000000,5.97e-06,6.03e-06,5.94e-06,5.99e-06,168576.0,2019-11-08 13:00:00
2254,1573214400000,5.95e-06,5.97e-06,5.94e-06,5.94e-06,4847.0,2019-11-08 12:00:00
2255,1573210800000,5.97e-06,5.98e-06,5.95e-06,5.95e-06,1490.0,2019-11-08 11:00:00
2256,1573207200000,5.95e-06,5.95e-06,5.94e-06,5.94e-06,29078.0,2019-11-08 10:00:00
2257,1573203600000,5.93e-06,6e-06,5.93e-06,5.96e-06,59826.0,2019-11-08 09:00:00
2258,1573200000000,5.93e-06,5.94e-06,5.89e-06,5.93e-06,73107.0,2019-11-08 08:00:00
2259,1573196400000,5.93e-06,5.95e-06,5.93e-06,5.93e-06,11511.0,2019-11-08 07:00:00
2260,1573192800000,5.9e-06,5.93e-06,5.9e-06,5.93e-06,6013.0,2019-11-08 06:00:00
2261,1573189200000,5.92e-06,5.92e-06,5.9e-06,5.9e-06,639.0,2019-11-08 05:00:00
2262,1573185600000,5.94e-06,5.94e-06,5.89e-06,5.89e-06,63809.0,2019-11-08 04:00:00
2263,1573182000000,5.94e-06,5.94e-06,5.92e-06,5.92e-06,4446.0,2019-11-08 03:00:00
2264,1573178400000,5.94e-06,5.94e-06,5.91e-06,5.94e-06,3970.0,2019-11-08 02:00:00
2265,1573174800000,5.91e-06,5.94e-06,5.91e-06,5.94e-06,629.0,2019-11-08 01:00:00
2266,1573171200000,5.92e-06,5.93e-06,5.9e-06,5.91e-06,13453.0,2019-11-08 00:00:00
2267,1573167600000,5.91e-06,5.94e-06,5.91e-06,5.94e-06,2205.0,2019-11-07 23:00:00
2268,1573164000000,5.93e-06,5.93e-06,5.91e-06,5.91e-06,3481.0,2019-11-07 22:00:00
2269,1573160400000,5.94e-06,5.94e-06,5.93e-06,5.94e-06,9021.0,2019-11-07 21:00:00
2270,1573156800000,5.93e-06,5.94e-06,5.91e-06,5.94e-06,31460.0,2019-11-07 20:00:00
2271,1573153200000,5.92e-06,5.94e-06,5.92e-06,5.93e-06,1341.0,2019-11-07 19:00:00
2272,1573149600000,5.91e-06,5.92e-06,5.91e-06,5.92e-06,12111.0,2019-11-07 18:00:00
2273,1573146000000,5.94e-06,5.94e-06,5.91e-06,5.91e-06,6543.0,2019-11-07 17:00:00
2274,1573142400000,5.93e-06,5.94e-06,5.9e-06,5.9e-06,44193.0,2019-11-07 16:00:00
2275,1573138800000,5.92e-06,5.93e-06,5.92e-06,5.93e-06,17089.0,2019-11-07 15:00:00
2276,1573135200000,5.92e-06,5.93e-06,5.91e-06,5.92e-06,6183.0,2019-11-07 14:00:00
2277,1573131600000,5.93e-06,5.93e-06,5.91e-06,5.92e-06,47914.0,2019-11-07 13:00:00
2278,1573128000000,5.93e-06,5.97e-06,5.93e-06,5.93e-06,4149.0,2019-11-07 12:00:00
2279,1573124400000,5.95e-06,5.98e-06,5.92e-06,5.93e-06,21454.0,2019-11-07 11:00:00
2280,1573120800000,6e-06,6e-06,5.91e-06,5.95e-06,131719.0,2019-11-07 10:00:00
2281,1573117200000,5.99e-06,5.99e-06,5.97e-06,5.98e-06,15766.0,2019-11-07 09:00:00
2282,1573113600000,6e-06,6.03e-06,5.97e-06,5.99e-06,48241.0,2019-11-07 08:00:00
2283,1573110000000,6.01e-06,6.03e-06,6e-06,6e-06,15068.0,2019-11-07 07:00:00
2284,1573106400000,6.05e-06,6.05e-06,6.01e-06,6.01e-06,23270.0,2019-11-07 06:00:00
2285,1573102800000,6.04e-06,6.07e-06,6.02e-06,6.02e-06,44104.0,2019-11-07 05:00:00
2286,1573099200000,6.02e-06,6.03e-06,6e-06,6.03e-06,10448.0,2019-11-07 04:00:00
2287,1573095600000,5.96e-06,6.02e-06,5.96e-06,6.02e-06,45311.0,2019-11-07 03:00:00
2288,1573092000000,6.01e-06,6.01e-06,5.95e-06,5.97e-06,35642.0,2019-11-07 02:00:00
2289,1573088400000,6e-06,6.02e-06,6e-06,6e-06,1342.0,2019-11-07 01:00:00
2290,1573084800000,6.02e-06,6.02e-06,6e-06,6.02e-06,29863.0,2019-11-07 00:00:00
2291,1573081200000,6.02e-06,6.03e-06,5.98e-06,6.01e-06,31200.0,2019-11-06 23:00:00
2292,1573077600000,6.02e-06,6.05e-06,6.01e-06,6.05e-06,13786.0,2019-11-06 22:00:00
2293,1573074000000,5.97e-06,6.06e-06,5.97e-06,6.02e-06,47884.0,2019-11-06 21:00:00
2294,1573070400000,6e-06,6e-06,5.96e-06,5.97e-06,48863.0,2019-11-06 20:00:00
2295,1573066800000,6e-06,6.01e-06,5.99e-06,6.01e-06,31522.0,2019-11-06 19:00:00
2296,1573063200000,6.03e-06,6.05e-06,5.99e-06,6.02e-06,60436.0,2019-11-06 18:00:00
2297,1573059600000,5.99e-06,6.05e-06,5.99e-06,6e-06,74445.0,2019-11-06 17:00:00
2298,1573056000000,5.99e-06,5.99e-06,5.99e-06,5.99e-06,1640.0,2019-11-06 16:00:00
2299,1573052400000,5.96e-06,6.05e-06,5.96e-06,5.99e-06,76679.0,2019-11-06 15:00:00
2300,1573048800000,5.98e-06,6.01e-06,5.94e-06,5.97e-06,59652.0,2019-11-06 14:00:00
2301,1573045200000,6e-06,6.01e-06,5.99e-06,5.99e-06,14643.0,2019-11-06 13:00:00
2302,1573041600000,6.04e-06,6.06e-06,5.99e-06,5.99e-06,48662.0,2019-11-06 12:00:00
2303,1573038000000,6.06e-06,6.06e-06,6.01e-06,6.05e-06,15915.0,2019-11-06 11:00:00
2304,1573034400000,6.06e-06,6.07e-06,6.04e-06,6.06e-06,6090.0,2019-11-06 10:00:00
2305,1573030800000,6.07e-06,6.07e-06,6.03e-06,6.03e-06,23235.0,2019-11-06 09:00:00
2306,1573027200000,6.03e-06,6.08e-06,6.03e-06,6.05e-06,18239.0,2019-11-06 08:00:00
2307,1573023600000,6.08e-06,6.09e-06,6.03e-06,6.04e-06,44592.0,2019-11-06 07:00:00
2308,1573020000000,6.07e-06,6.08e-06,6.04e-06,6.08e-06,10628.0,2019-11-06 06:00:00
2309,1573016400000,6.05e-06,6.12e-06,6.01e-06,6.05e-06,65366.0,2019-11-06 05:00:00
2310,1573012800000,6.03e-06,6.05e-06,6.03e-06,6.05e-06,7753.0,2019-11-06 04:00:00
2311,1573009200000,6.04e-06,6.06e-06,6.01e-06,6.02e-06,34473.0,2019-11-06 03:00:00
2312,1573005600000,6.04e-06,6.04e-06,6.01e-06,6.01e-06,1293.0,2019-11-06 02:00:00
2313,1573002000000,6.02e-06,6.02e-06,6.02e-06,6.02e-06,251.0,2019-11-06 01:00:00
2314,1572998400000,6.02e-06,6.1e-06,6.02e-06,6.02e-06,131183.0,2019-11-06 00:00:00
2315,1572994800000,6.04e-06,6.04e-06,6.03e-06,6.04e-06,5575.0,2019-11-05 23:00:00
2316,1572991200000,6.03e-06,6.05e-06,6.01e-06,6.04e-06,10040.0,2019-11-05 22:00:00
2317,1572987600000,6.02e-06,6.03e-06,6e-06,6.03e-06,2553.0,2019-11-05 21:00:00
2318,1572984000000,5.99e-06,6.03e-06,5.99e-06,6.02e-06,27096.0,2019-11-05 20:00:00
2319,1572980400000,6e-06,6.03e-06,5.99e-06,6.02e-06,25863.0,2019-11-05 19:00:00
2320,1572976800000,5.98e-06,6.01e-06,5.98e-06,6e-06,11958.0,2019-11-05 18:00:00
2321,1572973200000,6.01e-06,6.01e-06,5.94e-06,5.98e-06,29804.0,2019-11-05 17:00:00
2322,1572969600000,6.03e-06,6.06e-06,6.02e-06,6.02e-06,12791.0,2019-11-05 16:00:00
2323,1572966000000,6.01e-06,6.03e-06,6e-06,6.03e-06,4119.0,2019-11-05 15:00:00
2324,1572962400000,6.05e-06,6.07e-06,6.01e-06,6.04e-06,50388.0,2019-11-05 14:00:00
2325,1572958800000,5.99e-06,6.03e-06,5.97e-06,6.02e-06,23255.0,2019-11-05 13:00:00
2326,1572955200000,5.97e-06,5.99e-06,5.97e-06,5.99e-06,10206.0,2019-11-05 12:00:00
2327,1572951600000,6e-06,6e-06,5.96e-06,5.99e-06,28697.0,2019-11-05 11:00:00
2328,1572948000000,5.99e-06,6e-06,5.99e-06,6e-06,11786.0,2019-11-05 10:00:00
2329,1572944400000,6.01e-06,6.01e-06,5.98e-06,5.99e-06,17914.0,2019-11-05 09:00:00
2330,1572940800000,6.02e-06,6.04e-06,6e-06,6.01e-06,12365.0,2019-11-05 08:00:00
2331,1572937200000,5.95e-06,6.03e-06,5.95e-06,5.99e-06,139928.0,2019-11-05 07:00:00
2332,1572933600000,5.95e-06,5.97e-06,5.93e-06,5.97e-06,32790.0,2019-11-05 06:00:00
2333,1572930000000,5.96e-06,5.96e-06,5.94e-06,5.94e-06,75719.0,2019-11-05 05:00:00
2334,1572926400000,5.99e-06,5.99e-06,5.94e-06,5.95e-06,16192.0,2019-11-05 04:00:00
2335,1572922800000,5.96e-06,5.99e-06,5.94e-06,5.98e-06,10247.0,2019-11-05 03:00:00
2336,1572919200000,5.98e-06,5.99e-06,5.96e-06,5.96e-06,10174.0,2019-11-05 02:00:00
2337,1572915600000,6.01e-06,6.04e-06,5.97e-06,5.97e-06,36444.0,2019-11-05 01:00:00
2338,1572912000000,6.06e-06,6.09e-06,6.01e-06,6.01e-06,84248.0,2019-11-05 00:00:00
2339,1572908400000,6.05e-06,6.07e-06,6.04e-06,6.07e-06,20796.0,2019-11-04 23:00:00
2340,1572904800000,6.04e-06,6.05e-06,6e-06,6.05e-06,45646.0,2019-11-04 22:00:00
2341,1572901200000,6e-06,6.02e-06,6e-06,6e-06,21307.0,2019-11-04 21:00:00
2342,1572897600000,6.14e-06,6.15e-06,6e-06,6e-06,218179.0,2019-11-04 20:00:00
2343,1572894000000,6.14e-06,6.17e-06,6.13e-06,6.14e-06,12830.0,2019-11-04 19:00:00
2344,1572890400000,6.11e-06,6.14e-06,6.11e-06,6.14e-06,27382.0,2019-11-04 18:00:00
2345,1572886800000,6.1e-06,6.12e-06,6.07e-06,6.1e-06,65857.0,2019-11-04 17:00:00
2346,1572883200000,6.09e-06,6.12e-06,6.08e-06,6.1e-06,94707.0,2019-11-04 16:00:00
2347,1572879600000,6.1e-06,6.12e-06,6.08e-06,6.08e-06,30258.0,2019-11-04 15:00:00
2348,1572876000000,6.15e-06,6.17e-06,6.09e-06,6.09e-06,85727.0,2019-11-04 14:00:00
2349,1572872400000,6.16e-06,6.17e-06,6.12e-06,6.17e-06,12151.0,2019-11-04 13:00:00
2350,1572868800000,6.14e-06,6.16e-06,6.09e-06,6.16e-06,81536.0,2019-11-04 12:00:00
2351,1572865200000,6.13e-06,6.15e-06,6.11e-06,6.15e-06,3807.0,2019-11-04 11:00:00
2352,1572861600000,6.12e-06,6.17e-06,6.12e-06,6.13e-06,18606.0,2019-11-04 10:00:00
2353,1572858000000,6.17e-06,6.17e-06,6.12e-06,6.16e-06,50200.0,2019-11-04 09:00:00
2354,1572854400000,6.14e-06,6.17e-06,6.13e-06,6.17e-06,29202.0,2019-11-04 08:00:00
2355,1572850800000,6.16e-06,6.19e-06,6.14e-06,6.15e-06,18786.0,2019-11-04 07:00:00
2356,1572847200000,6.12e-06,6.19e-06,6.12e-06,6.14e-06,8243.0,2019-11-04 06:00:00
2357,1572843600000,6.14e-06,6.16e-06,6.11e-06,6.12e-06,54584.0,2019-11-04 05:00:00
2358,1572840000000,6.17e-06,6.2e-06,6.14e-06,6.16e-06,38147.0,2019-11-04 04:00:00
2359,1572836400000,6.2e-06,6.21e-06,6.17e-06,6.17e-06,19326.0,2019-11-04 03:00:00
2360,1572832800000,6.21e-06,6.21e-06,6.17e-06,6.17e-06,5028.0,2019-11-04 02:00:00
2361,1572829200000,6.19e-06,6.21e-06,6.15e-06,6.21e-06,145836.0,2019-11-04 01:00:00
2362,1572825600000,6.23e-06,6.23e-06,6.14e-06,6.16e-06,160012.0,2019-11-04 00:00:00
2363,1572822000000,6.14e-06,6.27e-06,6.14e-06,6.23e-06,221053.0,2019-11-03 23:00:00
2364,1572818400000,6.16e-06,6.19e-06,6.13e-06,6.14e-06,23418.0,2019-11-03 22:00:00
2365,1572814800000,6.2e-06,6.21e-06,6.15e-06,6.16e-06,103477.0,2019-11-03 21:00:00
2366,1572811200000,6.18e-06,6.26e-06,6.16e-06,6.23e-06,85472.0,2019-11-03 20:00:00
2367,1572807600000,6.2e-06,6.23e-06,6.18e-06,6.18e-06,3747.0,2019-11-03 19:00:00
2368,1572804000000,6.22e-06,6.24e-06,6.19e-06,6.24e-06,32393.0,2019-11-03 18:00:00
2369,1572800400000,6.17e-06,6.21e-06,6.16e-06,6.17e-06,67971.0,2019-11-03 17:00:00
2370,1572796800000,6.21e-06,6.24e-06,6.13e-06,6.17e-06,171250.0,2019-11-03 16:00:00
2371,1572793200000,6.11e-06,6.25e-06,6.04e-06,6.24e-06,221315.0,2019-11-03 15:00:00
2372,1572789600000,6.16e-06,6.35e-06,6.08e-06,6.11e-06,1314098.0,2019-11-03 14:00:00
2373,1572786000000,6e-06,6.21e-06,6e-06,6.16e-06,603871.0,2019-11-03 13:00:00
2374,1572782400000,5.98e-06,6e-06,5.96e-06,5.97e-06,21810.0,2019-11-03 12:00:00
2375,1572778800000,5.98e-06,6e-06,5.97e-06,5.99e-06,6588.0,2019-11-03 11:00:00
2376,1572775200000,6e-06,6.01e-06,5.97e-06,6e-06,21591.0,2019-11-03 10:00:00
2377,1572771600000,6.02e-06,6.05e-06,5.99e-06,6e-06,41240.0,2019-11-03 09:00:00
2378,1572768000000,6.03e-06,6.05e-06,6.01e-06,6.01e-06,41498.0,2019-11-03 08:00:00
2379,1572764400000,5.99e-06,6.06e-06,5.99e-06,6.03e-06,42846.0,2019-11-03 07:00:00
2380,1572760800000,5.96e-06,5.98e-06,5.94e-06,5.96e-06,31136.0,2019-11-03 06:00:00
2381,1572757200000,5.94e-06,6.1e-06,5.93e-06,5.98e-06,296090.0,2019-11-03 05:00:00
2382,1572753600000,5.93e-06,5.97e-06,5.9e-06,5.94e-06,8053.0,2019-11-03 04:00:00
2383,1572750000000,5.93e-06,5.93e-06,5.93e-06,5.93e-06,59.0,2019-11-03 03:00:00
2384,1572746400000,5.89e-06,5.94e-06,5.89e-06,5.9e-06,26538.0,2019-11-03 02:00:00
2385,1572742800000,5.93e-06,5.93e-06,5.87e-06,5.89e-06,48887.0,2019-11-03 01:00:00
2386,1572739200000,5.98e-06,6e-06,5.9e-06,5.91e-06,88975.0,2019-11-03 00:00:00
2387,1572735600000,6e-06,6e-06,6e-06,6e-06,2667.0,2019-11-02 23:00:00
2388,1572732000000,5.99e-06,5.99e-06,5.95e-06,5.98e-06,15413.0,2019-11-02 22:00:00
2389,1572728400000,5.97e-06,5.99e-06,5.97e-06,5.99e-06,25181.0,2019-11-02 21:00:00
2390,1572724800000,5.93e-06,5.98e-06,5.93e-06,5.95e-06,22927.0,2019-11-02 20:00:00
2391,1572721200000,5.96e-06,5.99e-06,5.93e-06,5.93e-06,28064.0,2019-11-02 19:00:00
2392,1572717600000,5.95e-06,5.98e-06,5.95e-06,5.97e-06,17065.0,2019-11-02 18:00:00
2393,1572714000000,5.93e-06,5.95e-06,5.93e-06,5.95e-06,2270.0,2019-11-02 17:00:00
2394,1572710400000,5.91e-06,5.95e-06,5.91e-06,5.93e-06,10335.0,2019-11-02 16:00:00
2395,1572706800000,5.93e-06,5.95e-06,5.91e-06,5.93e-06,19238.0,2019-11-02 15:00:00
2396,1572703200000,5.91e-06,5.93e-06,5.88e-06,5.93e-06,9377.0,2019-11-02 14:00:00
2397,1572699600000,5.93e-06,5.94e-06,5.86e-06,5.91e-06,116105.0,2019-11-02 13:00:00
2398,1572696000000,6.01e-06,6.03e-06,5.92e-06,5.93e-06,67814.0,2019-11-02 12:00:00
2399,1572692400000,6.01e-06,6.03e-06,6e-06,6.01e-06,16300.0,2019-11-02 11:00:00
2400,1572688800000,6e-06,6.02e-06,5.99e-06,6e-06,19606.0,2019-11-02 10:00:00
2401,1572685200000,5.99e-06,6.01e-06,5.96e-06,6e-06,44084.0,2019-11-02 09:00:00
2402,1572681600000,6.05e-06,6.06e-06,5.97e-06,6e-06,130988.0,2019-11-02 08:00:00
2403,1572678000000,5.97e-06,6.04e-06,5.93e-06,6.04e-06,121615.0,2019-11-02 07:00:00
2404,1572674400000,6.01e-06,6.01e-06,5.94e-06,5.98e-06,141412.0,2019-11-02 06:00:00
2405,1572670800000,6.02e-06,6.03e-06,6e-06,6.03e-06,34181.0,2019-11-02 05:00:00
2406,1572667200000,5.96e-06,6.02e-06,5.95e-06,6.02e-06,151307.0,2019-11-02 04:00:00
2407,1572663600000,6.05e-06,6.06e-06,5.94e-06,5.96e-06,458627.0,2019-11-02 03:00:00
2408,1572660000000,6.05e-06,6.1e-06,6.02e-06,6.06e-06,41536.0,2019-11-02 02:00:00
2409,1572656400000,6.1e-06,6.1e-06,6.06e-06,6.09e-06,19363.0,2019-11-02 01:00:00
2410,1572652800000,6.1e-06,6.13e-06,6.05e-06,6.1e-06,52535.0,2019-11-02 00:00:00
2411,1572649200000,6.07e-06,6.11e-06,6.07e-06,6.1e-06,38888.0,2019-11-01 23:00:00
2412,1572645600000,6.06e-06,6.12e-06,6.05e-06,6.11e-06,55368.0,2019-11-01 22:00:00
2413,1572642000000,6.13e-06,6.13e-06,6.01e-06,6.08e-06,73713.0,2019-11-01 21:00:00
2414,1572638400000,6.13e-06,6.13e-06,6.09e-06,6.09e-06,17501.0,2019-11-01 20:00:00
2415,1572634800000,6.11e-06,6.13e-06,6.09e-06,6.09e-06,11530.0,2019-11-01 19:00:00
2416,1572631200000,6.15e-06,6.15e-06,6.09e-06,6.13e-06,33432.0,2019-11-01 18:00:00
2417,1572627600000,6.15e-06,6.16e-06,6.1e-06,6.15e-06,52303.0,2019-11-01 17:00:00
2418,1572624000000,6.12e-06,6.15e-06,6.1e-06,6.12e-06,26660.0,2019-11-01 16:00:00
2419,1572620400000,6.14e-06,6.17e-06,6.07e-06,6.13e-06,334048.0,2019-11-01 15:00:00
2420,1572616800000,6.34e-06,6.41e-06,6.14e-06,6.14e-06,661757.0,2019-11-01 14:00:00
2421,1572613200000,6.16e-06,6.4e-06,6.14e-06,6.38e-06,1124978.0,2019-11-01 13:00:00
2422,1572609600000,5.86e-06,6.24e-06,5.86e-06,6.13e-06,1340949.0,2019-11-01 12:00:00
2423,1572606000000,5.88e-06,5.88e-06,5.81e-06,5.86e-06,51510.0,2019-11-01 11:00:00
2424,1572602400000,5.89e-06,5.93e-06,5.87e-06,5.89e-06,21279.0,2019-11-01 10:00:00
2425,1572598800000,5.89e-06,5.9e-06,5.87e-06,5.89e-06,17841.0,2019-11-01 09:00:00
2426,1572595200000,5.86e-06,5.9e-06,5.86e-06,5.89e-06,7834.0,2019-11-01 08:00:00
2427,1572591600000,5.9e-06,5.93e-06,5.87e-06,5.87e-06,51488.0,2019-11-01 07:00:00
2428,1572588000000,5.97e-06,5.97e-06,5.9e-06,5.91e-06,38445.0,2019-11-01 06:00:00
2429,1572584400000,5.96e-06,5.96e-06,5.93e-06,5.93e-06,21383.0,2019-11-01 05:00:00
2430,1572580800000,5.96e-06,5.97e-06,5.93e-06,5.96e-06,13469.0,2019-11-01 04:00:00
2431,1572577200000,5.93e-06,5.96e-06,5.91e-06,5.96e-06,8623.0,2019-11-01 03:00:00
2432,1572573600000,5.91e-06,5.95e-06,5.91e-06,5.91e-06,7114.0,2019-11-01 02:00:00
2433,1572570000000,5.91e-06,5.95e-06,5.9e-06,5.93e-06,15813.0,2019-11-01 01:00:00
2434,1572566400000,5.89e-06,6e-06,5.89e-06,5.91e-06,179358.0,2019-11-01 00:00:00
2435,1572562800000,5.92e-06,5.92e-06,5.89e-06,5.89e-06,6725.0,2019-10-31 23:00:00
2436,1572559200000,5.88e-06,5.93e-06,5.87e-06,5.9e-06,46531.0,2019-10-31 22:00:00
2437,1572555600000,5.88e-06,5.91e-06,5.88e-06,5.91e-06,51939.0,2019-10-31 21:00:00
2438,1572552000000,5.84e-06,5.9e-06,5.84e-06,5.88e-06,67490.0,2019-10-31 20:00:00
2439,1572548400000,5.83e-06,5.87e-06,5.83e-06,5.83e-06,10822.0,2019-10-31 19:00:00
2440,1572544800000,5.85e-06,5.88e-06,5.82e-06,5.82e-06,19246.0,2019-10-31 18:00:00
2441,1572541200000,5.84e-06,5.88e-06,5.84e-06,5.84e-06,22170.0,2019-10-31 17:00:00
2442,1572537600000,5.86e-06,5.89e-06,5.84e-06,5.84e-06,18303.0,2019-10-31 16:00:00
2443,1572534000000,5.86e-06,5.9e-06,5.83e-06,5.86e-06,55317.0,2019-10-31 15:00:00
2444,1572530400000,5.84e-06,5.88e-06,5.8e-06,5.88e-06,69061.0,2019-10-31 14:00:00
2445,1572526800000,5.81e-06,5.85e-06,5.74e-06,5.85e-06,259652.0,2019-10-31 13:00:00
2446,1572523200000,5.92e-06,6e-06,5.78e-06,5.78e-06,432714.0,2019-10-31 12:00:00
2447,1572519600000,5.89e-06,5.93e-06,5.88e-06,5.92e-06,66233.0,2019-10-31 11:00:00
2448,1572516000000,5.97e-06,6e-06,5.87e-06,5.91e-06,262144.0,2019-10-31 10:00:00
2449,1572512400000,6.05e-06,6.18e-06,5.89e-06,6e-06,867904.0,2019-10-31 09:00:00
2450,1572508800000,5.93e-06,6.06e-06,5.93e-06,6.05e-06,315823.0,2019-10-31 08:00:00
2451,1572505200000,5.85e-06,5.96e-06,5.82e-06,5.93e-06,336955.0,2019-10-31 07:00:00
2452,1572501600000,5.86e-06,5.87e-06,5.83e-06,5.86e-06,28273.0,2019-10-31 06:00:00
2453,1572498000000,5.88e-06,5.9e-06,5.84e-06,5.89e-06,106444.0,2019-10-31 05:00:00
2454,1572494400000,5.89e-06,5.89e-06,5.84e-06,5.87e-06,30079.0,2019-10-31 04:00:00
2455,1572490800000,5.9e-06,5.91e-06,5.89e-06,5.89e-06,13370.0,2019-10-31 03:00:00
2456,1572487200000,5.89e-06,5.9e-06,5.89e-06,5.9e-06,1431.0,2019-10-31 02:00:00
2457,1572483600000,5.92e-06,5.94e-06,5.89e-06,5.9e-06,14078.0,2019-10-31 01:00:00
2458,1572480000000,5.93e-06,5.97e-06,5.89e-06,5.94e-06,83832.0,2019-10-31 00:00:00
2459,1572476400000,5.91e-06,5.97e-06,5.9e-06,5.94e-06,74435.0,2019-10-30 23:00:00
2460,1572472800000,5.89e-06,5.92e-06,5.88e-06,5.91e-06,47053.0,2019-10-30 22:00:00
2461,1572469200000,5.9e-06,5.96e-06,5.86e-06,5.89e-06,73999.0,2019-10-30 21:00:00
2462,1572465600000,5.99e-06,6.02e-06,5.85e-06,5.88e-06,361308.0,2019-10-30 20:00:00
2463,1572462000000,5.93e-06,6.05e-06,5.89e-06,6.02e-06,607009.0,2019-10-30 19:00:00
2464,1572458400000,5.81e-06,6.01e-06,5.78e-06,5.93e-06,639898.0,2019-10-30 18:00:00
2465,1572454800000,5.8e-06,5.8e-06,5.78e-06,5.78e-06,5090.0,2019-10-30 17:00:00
2466,1572451200000,5.79e-06,5.82e-06,5.77e-06,5.82e-06,12523.0,2019-10-30 16:00:00
2467,1572447600000,5.8e-06,5.84e-06,5.77e-06,5.82e-06,35485.0,2019-10-30 15:00:00
2468,1572444000000,5.8e-06,5.83e-06,5.79e-06,5.79e-06,29867.0,2019-10-30 14:00:00
2469,1572440400000,5.81e-06,5.85e-06,5.78e-06,5.82e-06,26921.0,2019-10-30 13:00:00
2470,1572436800000,5.78e-06,5.82e-06,5.74e-06,5.8e-06,46086.0,2019-10-30 12:00:00
2471,1572433200000,5.83e-06,5.85e-06,5.74e-06,5.74e-06,245056.0,2019-10-30 11:00:00
2472,1572429600000,5.86e-06,5.9e-06,5.77e-06,5.85e-06,188502.0,2019-10-30 10:00:00
2473,1572426000000,5.9e-06,5.9e-06,5.84e-06,5.88e-06,44958.0,2019-10-30 09:00:00
2474,1572422400000,5.86e-06,5.91e-06,5.83e-06,5.9e-06,62601.0,2019-10-30 08:00:00
2475,1572418800000,5.82e-06,5.86e-06,5.82e-06,5.86e-06,16017.0,2019-10-30 07:00:00
2476,1572415200000,5.89e-06,5.89e-06,5.82e-06,5.83e-06,24757.0,2019-10-30 06:00:00
2477,1572411600000,5.86e-06,5.9e-06,5.85e-06,5.9e-06,65147.0,2019-10-30 05:00:00
2478,1572408000000,5.89e-06,5.91e-06,5.83e-06,5.86e-06,23249.0,2019-10-30 04:00:00
2479,1572404400000,5.85e-06,5.89e-06,5.85e-06,5.87e-06,26555.0,2019-10-30 03:00:00
2480,1572400800000,5.81e-06,5.86e-06,5.8e-06,5.84e-06,23663.0,2019-10-30 02:00:00
2481,1572397200000,5.89e-06,5.89e-06,5.8e-06,5.81e-06,94806.0,2019-10-30 01:00:00
2482,1572393600000,5.88e-06,6.06e-06,5.88e-06,5.89e-06,200593.0,2019-10-30 00:00:00
2483,1572390000000,5.88e-06,5.92e-06,5.88e-06,5.88e-06,27742.0,2019-10-29 23:00:00
2484,1572386400000,5.86e-06,5.89e-06,5.84e-06,5.88e-06,50620.0,2019-10-29 22:00:00
2485,1572382800000,5.87e-06,5.89e-06,5.86e-06,5.88e-06,50852.0,2019-10-29 21:00:00
2486,1572379200000,5.97e-06,5.97e-06,5.86e-06,5.9e-06,122509.0,2019-10-29 20:00:00
2487,1572375600000,5.93e-06,6.02e-06,5.89e-06,6e-06,133316.0,2019-10-29 19:00:00
2488,1572372000000,5.98e-06,5.99e-06,5.91e-06,5.93e-06,13154.0,2019-10-29 18:00:00
2489,1572368400000,5.99e-06,5.99e-06,5.92e-06,5.99e-06,60674.0,2019-10-29 17:00:00
2490,1572364800000,5.89e-06,6e-06,5.87e-06,5.99e-06,164355.0,2019-10-29 16:00:00
2491,1572361200000,5.94e-06,5.96e-06,5.89e-06,5.91e-06,166398.0,2019-10-29 15:00:00
2492,1572357600000,5.93e-06,5.99e-06,5.93e-06,5.95e-06,90016.0,2019-10-29 14:00:00
2493,1572354000000,5.91e-06,5.99e-06,5.86e-06,5.93e-06,131492.0,2019-10-29 13:00:00
2494,1572350400000,5.97e-06,5.98e-06,5.89e-06,5.91e-06,95793.0,2019-10-29 12:00:00
2495,1572346800000,6e-06,6.03e-06,5.91e-06,5.98e-06,138721.0,2019-10-29 11:00:00
