,Time,Open,High,Low,Close,Volume,Date
0,1581346800000,0.00010292,0.00010332,0.00010033,0.00010079,94593.0,2020-02-10 15:00:00
1,1581343200000,0.00010023,0.000103,9.77e-05,0.00010292,125508.0,2020-02-10 14:00:00
2,1581339600000,9.872e-05,0.00010451,9.827e-05,0.00010023,313429.0,2020-02-10 13:00:00
3,1581336000000,9.467e-05,9.872e-05,9.445e-05,9.872e-05,121309.0,2020-02-10 12:00:00
4,1581332400000,9.3e-05,9.555e-05,9.255e-05,9.468e-05,172585.0,2020-02-10 11:00:00
5,1581328800000,9.43e-05,9.527e-05,9.191e-05,9.279e-05,193932.0,2020-02-10 10:00:00
6,1581325200000,9.588e-05,9.651e-05,9.244e-05,9.43e-05,221295.0,2020-02-10 09:00:00
7,1581321600000,9.799e-05,9.857e-05,9.565e-05,9.565e-05,125544.0,2020-02-10 08:00:00
8,1581318000000,9.605e-05,9.903e-05,9.565e-05,9.799e-05,149662.0,2020-02-10 07:00:00
9,1581314400000,9.959e-05,9.972e-05,9.37e-05,9.605e-05,436703.0,2020-02-10 06:00:00
10,1581310800000,9.896e-05,0.00010121,9.825e-05,9.962e-05,196385.0,2020-02-10 05:00:00
11,1581307200000,0.00010373,0.00010407,9.8e-05,9.858e-05,355917.0,2020-02-10 04:00:00
12,1581303600000,0.00010102,0.00010629,0.00010092,0.00010386,357551.0,2020-02-10 03:00:00
13,1581300000000,0.00010285,0.00010318,9.93e-05,0.00010109,252826.0,2020-02-10 02:00:00
14,1581296400000,0.0001063,0.0001067,0.00010227,0.00010227,474250.0,2020-02-10 01:00:00
15,1581292800000,9.455e-05,0.00010965,9.43e-05,0.0001064,970192.0,2020-02-10 00:00:00
16,1581289200000,9.583e-05,9.75e-05,9.35e-05,9.458e-05,204506.0,2020-02-09 23:00:00
17,1581285600000,9.695e-05,9.739e-05,9.543e-05,9.583e-05,173460.0,2020-02-09 22:00:00
18,1581282000000,9.061e-05,9.764e-05,9e-05,9.696e-05,777036.0,2020-02-09 21:00:00
19,1581278400000,9.308e-05,9.35e-05,8.906e-05,9.062e-05,212744.0,2020-02-09 20:00:00
20,1581274800000,9.153e-05,9.344e-05,9.04e-05,9.307e-05,230790.0,2020-02-09 19:00:00
21,1581271200000,9.099e-05,9.2e-05,8.957e-05,9.152e-05,155802.0,2020-02-09 18:00:00
22,1581267600000,9.403e-05,9.612e-05,9.09e-05,9.144e-05,473949.0,2020-02-09 17:00:00
23,1581264000000,9.023e-05,9.45e-05,8.88e-05,9.419e-05,287425.0,2020-02-09 16:00:00
24,1581260400000,8.666e-05,9.092e-05,8.656e-05,8.997e-05,361341.0,2020-02-09 15:00:00
25,1581256800000,8.89e-05,8.988e-05,8.655e-05,8.679e-05,240327.0,2020-02-09 14:00:00
26,1581253200000,8.933e-05,9.234e-05,8.754e-05,8.89e-05,316425.0,2020-02-09 13:00:00
27,1581249600000,9.232e-05,9.232e-05,8.908e-05,8.942e-05,237229.0,2020-02-09 12:00:00
28,1581246000000,9.362e-05,9.369e-05,8.955e-05,9.232e-05,686104.0,2020-02-09 11:00:00
29,1581242400000,8.9e-05,9.75e-05,8.814e-05,9.362e-05,752686.0,2020-02-09 10:00:00
30,1581238800000,8.99e-05,9.089e-05,8.714e-05,8.9e-05,334070.0,2020-02-09 09:00:00
31,1581235200000,9.028e-05,9.264e-05,8.821e-05,9.01e-05,392692.0,2020-02-09 08:00:00
32,1581231600000,9.27e-05,9.571e-05,8.91e-05,9.004e-05,606101.0,2020-02-09 07:00:00
33,1581228000000,9.282e-05,9.8e-05,9.2e-05,9.271e-05,724052.0,2020-02-09 06:00:00
34,1581224400000,8.51e-05,9.949e-05,8.47e-05,9.28e-05,1807294.0,2020-02-09 05:00:00
35,1581220800000,8.348e-05,8.702e-05,8.1e-05,8.51e-05,522195.0,2020-02-09 04:00:00
36,1581217200000,7.877e-05,8.602e-05,7.877e-05,8.337e-05,797607.0,2020-02-09 03:00:00
37,1581210000000,7.856e-05,8.026e-05,7.7e-05,7.877e-05,163704.0,2020-02-09 01:00:00
38,1581206400000,8.051e-05,8.117e-05,7.751e-05,7.856e-05,262930.0,2020-02-09 00:00:00
39,1581202800000,7.871e-05,8.231e-05,7.677e-05,8.065e-05,555409.0,2020-02-08 23:00:00
40,1581199200000,7.787e-05,8.136e-05,7.603e-05,7.844e-05,579934.0,2020-02-08 22:00:00
41,1581195600000,7.445e-05,8e-05,7.421e-05,7.787e-05,602489.0,2020-02-08 21:00:00
42,1581192000000,7.466e-05,7.514e-05,7.35e-05,7.46e-05,198772.0,2020-02-08 20:00:00
43,1581188400000,7.57e-05,7.6e-05,7.466e-05,7.467e-05,130411.0,2020-02-08 19:00:00
44,1581184800000,7.737e-05,7.74e-05,7.548e-05,7.57e-05,216577.0,2020-02-08 18:00:00
45,1581181200000,7.476e-05,7.878e-05,7.443e-05,7.732e-05,445614.0,2020-02-08 17:00:00
46,1581177600000,7.835e-05,8.032e-05,7.391e-05,7.488e-05,691466.0,2020-02-08 16:00:00
47,1581174000000,8.08e-05,8.34e-05,7.741e-05,7.835e-05,1417037.0,2020-02-08 15:00:00
48,1581170400000,8.675e-05,9e-05,7.971e-05,8.08e-05,1849253.0,2020-02-08 14:00:00
49,1581166800000,7.324e-05,9.343e-05,7.32e-05,8.675e-05,3170411.0,2020-02-08 13:00:00
50,1581163200000,6.93e-05,7.372e-05,6.904e-05,7.324e-05,290514.0,2020-02-08 12:00:00
51,1581159600000,7.002e-05,7.002e-05,6.896e-05,6.93e-05,70850.0,2020-02-08 11:00:00
52,1581156000000,6.832e-05,7.041e-05,6.816e-05,7.002e-05,90360.0,2020-02-08 10:00:00
53,1581152400000,6.865e-05,6.89e-05,6.799e-05,6.803e-05,52389.0,2020-02-08 09:00:00
54,1581148800000,6.805e-05,6.89e-05,6.789e-05,6.875e-05,53006.0,2020-02-08 08:00:00
55,1581145200000,6.842e-05,6.842e-05,6.672e-05,6.795e-05,104144.0,2020-02-08 07:00:00
56,1581141600000,6.807e-05,6.856e-05,6.708e-05,6.843e-05,65596.0,2020-02-08 06:00:00
57,1581138000000,6.735e-05,6.818e-05,6.683e-05,6.807e-05,90733.0,2020-02-08 05:00:00
58,1581134400000,6.577e-05,6.744e-05,6.509e-05,6.738e-05,42728.0,2020-02-08 04:00:00
59,1581130800000,6.571e-05,6.577e-05,6.481e-05,6.577e-05,18444.0,2020-02-08 03:00:00
60,1581127200000,6.624e-05,6.657e-05,6.503e-05,6.568e-05,28009.0,2020-02-08 02:00:00
61,1581123600000,6.693e-05,6.72e-05,6.612e-05,6.631e-05,34040.0,2020-02-08 01:00:00
62,1581120000000,6.733e-05,6.747e-05,6.671e-05,6.671e-05,22933.0,2020-02-08 00:00:00
63,1581116400000,6.765e-05,6.766e-05,6.724e-05,6.75e-05,11114.0,2020-02-07 23:00:00
64,1581112800000,6.718e-05,6.771e-05,6.689e-05,6.766e-05,29799.0,2020-02-07 22:00:00
65,1581109200000,6.669e-05,6.726e-05,6.66e-05,6.681e-05,5571.0,2020-02-07 21:00:00
66,1581105600000,6.688e-05,6.696e-05,6.65e-05,6.663e-05,9230.0,2020-02-07 20:00:00
67,1581102000000,6.676e-05,6.696e-05,6.652e-05,6.688e-05,8157.0,2020-02-07 19:00:00
68,1581098400000,6.726e-05,6.726e-05,6.636e-05,6.689e-05,35403.0,2020-02-07 18:00:00
69,1581094800000,6.784e-05,6.79e-05,6.701e-05,6.729e-05,32815.0,2020-02-07 17:00:00
70,1581091200000,6.66e-05,6.786e-05,6.592e-05,6.786e-05,80495.0,2020-02-07 16:00:00
71,1581087600000,6.61e-05,6.702e-05,6.578e-05,6.661e-05,68024.0,2020-02-07 15:00:00
72,1581084000000,6.601e-05,6.611e-05,6.56e-05,6.611e-05,22171.0,2020-02-07 14:00:00
73,1581080400000,6.56e-05,6.601e-05,6.547e-05,6.601e-05,14307.0,2020-02-07 13:00:00
74,1581076800000,6.66e-05,6.674e-05,6.541e-05,6.56e-05,34842.0,2020-02-07 12:00:00
75,1581073200000,6.61e-05,6.685e-05,6.596e-05,6.66e-05,37756.0,2020-02-07 11:00:00
76,1581069600000,6.552e-05,6.642e-05,6.545e-05,6.613e-05,32311.0,2020-02-07 10:00:00
77,1581066000000,6.59e-05,6.608e-05,6.55e-05,6.551e-05,37424.0,2020-02-07 09:00:00
78,1581062400000,6.591e-05,6.618e-05,6.555e-05,6.59e-05,19057.0,2020-02-07 08:00:00
79,1581058800000,6.571e-05,6.644e-05,6.565e-05,6.622e-05,14096.0,2020-02-07 07:00:00
80,1581055200000,6.607e-05,6.647e-05,6.57e-05,6.604e-05,31717.0,2020-02-07 06:00:00
81,1581051600000,6.577e-05,6.65e-05,6.577e-05,6.647e-05,35076.0,2020-02-07 05:00:00
82,1581048000000,6.597e-05,6.609e-05,6.522e-05,6.577e-05,35531.0,2020-02-07 04:00:00
83,1581044400000,6.625e-05,6.678e-05,6.567e-05,6.589e-05,44400.0,2020-02-07 03:00:00
84,1581040800000,6.646e-05,6.68e-05,6.61e-05,6.631e-05,47157.0,2020-02-07 02:00:00
85,1581037200000,6.63e-05,6.725e-05,6.606e-05,6.646e-05,76660.0,2020-02-07 01:00:00
86,1581033600000,6.617e-05,6.657e-05,6.551e-05,6.649e-05,42960.0,2020-02-07 00:00:00
87,1581030000000,6.684e-05,6.684e-05,6.591e-05,6.61e-05,36152.0,2020-02-06 23:00:00
88,1581026400000,6.69e-05,6.701e-05,6.639e-05,6.684e-05,57091.0,2020-02-06 22:00:00
89,1581022800000,6.705e-05,6.727e-05,6.672e-05,6.678e-05,27541.0,2020-02-06 21:00:00
90,1581019200000,6.734e-05,6.743e-05,6.68e-05,6.695e-05,22833.0,2020-02-06 20:00:00
91,1581015600000,6.739e-05,6.754e-05,6.705e-05,6.726e-05,70766.0,2020-02-06 19:00:00
92,1581012000000,6.75e-05,6.769e-05,6.708e-05,6.739e-05,28747.0,2020-02-06 18:00:00
93,1581008400000,6.718e-05,6.774e-05,6.709e-05,6.725e-05,24744.0,2020-02-06 17:00:00
94,1581004800000,6.726e-05,6.77e-05,6.714e-05,6.718e-05,28206.0,2020-02-06 16:00:00
95,1581001200000,6.732e-05,6.76e-05,6.705e-05,6.726e-05,29999.0,2020-02-06 15:00:00
96,1580997600000,6.709e-05,6.733e-05,6.637e-05,6.733e-05,68556.0,2020-02-06 14:00:00
97,1580994000000,6.749e-05,6.816e-05,6.654e-05,6.733e-05,98613.0,2020-02-06 13:00:00
98,1580990400000,6.761e-05,6.789e-05,6.714e-05,6.749e-05,26149.0,2020-02-06 12:00:00
99,1580986800000,6.8e-05,6.834e-05,6.75e-05,6.761e-05,39537.0,2020-02-06 11:00:00
100,1580983200000,6.806e-05,6.845e-05,6.793e-05,6.8e-05,16244.0,2020-02-06 10:00:00
101,1580979600000,6.842e-05,6.843e-05,6.752e-05,6.806e-05,30388.0,2020-02-06 09:00:00
102,1580976000000,6.857e-05,6.885e-05,6.818e-05,6.842e-05,38658.0,2020-02-06 08:00:00
103,1580972400000,6.786e-05,6.883e-05,6.745e-05,6.883e-05,46189.0,2020-02-06 07:00:00
104,1580968800000,6.808e-05,6.824e-05,6.763e-05,6.817e-05,16745.0,2020-02-06 06:00:00
105,1580965200000,6.781e-05,6.808e-05,6.751e-05,6.808e-05,20537.0,2020-02-06 05:00:00
106,1580961600000,6.802e-05,6.816e-05,6.72e-05,6.781e-05,24551.0,2020-02-06 04:00:00
107,1580958000000,6.793e-05,6.824e-05,6.761e-05,6.777e-05,14964.0,2020-02-06 03:00:00
108,1580954400000,6.705e-05,6.8e-05,6.699e-05,6.761e-05,26046.0,2020-02-06 02:00:00
109,1580950800000,6.795e-05,6.817e-05,6.687e-05,6.696e-05,48698.0,2020-02-06 01:00:00
110,1580947200000,6.794e-05,6.867e-05,6.738e-05,6.795e-05,86875.0,2020-02-06 00:00:00
111,1580943600000,6.761e-05,6.795e-05,6.706e-05,6.794e-05,28309.0,2020-02-05 23:00:00
112,1580940000000,6.75e-05,6.811e-05,6.71e-05,6.733e-05,30594.0,2020-02-05 22:00:00
113,1580936400000,6.738e-05,6.761e-05,6.701e-05,6.74e-05,21346.0,2020-02-05 21:00:00
114,1580932800000,6.713e-05,6.781e-05,6.681e-05,6.738e-05,10168.0,2020-02-05 20:00:00
115,1580929200000,6.653e-05,6.765e-05,6.606e-05,6.713e-05,60813.0,2020-02-05 19:00:00
116,1580925600000,6.722e-05,6.849e-05,6.62e-05,6.653e-05,159658.0,2020-02-05 18:00:00
117,1580922000000,6.79e-05,7.099e-05,6.7e-05,6.715e-05,136648.0,2020-02-05 17:00:00
118,1580918400000,6.816e-05,6.817e-05,6.734e-05,6.761e-05,35282.0,2020-02-05 16:00:00
119,1580914800000,6.729e-05,6.82e-05,6.708e-05,6.817e-05,24705.0,2020-02-05 15:00:00
120,1580911200000,6.768e-05,6.78e-05,6.698e-05,6.713e-05,74745.0,2020-02-05 14:00:00
121,1580907600000,6.663e-05,6.789e-05,6.656e-05,6.75e-05,43331.0,2020-02-05 13:00:00
122,1580904000000,6.835e-05,6.835e-05,6.649e-05,6.694e-05,43800.0,2020-02-05 12:00:00
123,1580900400000,6.79e-05,6.854e-05,6.702e-05,6.791e-05,84976.0,2020-02-05 11:00:00
124,1580896800000,6.63e-05,6.9e-05,6.63e-05,6.79e-05,168731.0,2020-02-05 10:00:00
125,1580893200000,6.658e-05,6.677e-05,6.605e-05,6.62e-05,26889.0,2020-02-05 09:00:00
126,1580889600000,6.698e-05,6.704e-05,6.652e-05,6.678e-05,20970.0,2020-02-05 08:00:00
127,1580886000000,6.719e-05,6.719e-05,6.664e-05,6.68e-05,6846.0,2020-02-05 07:00:00
128,1580882400000,6.693e-05,6.75e-05,6.667e-05,6.719e-05,26368.0,2020-02-05 06:00:00
129,1580878800000,6.647e-05,6.713e-05,6.647e-05,6.693e-05,20279.0,2020-02-05 05:00:00
130,1580875200000,6.61e-05,6.665e-05,6.61e-05,6.647e-05,26476.0,2020-02-05 04:00:00
131,1580871600000,6.614e-05,6.636e-05,6.594e-05,6.636e-05,34454.0,2020-02-05 03:00:00
132,1580868000000,6.637e-05,6.642e-05,6.592e-05,6.614e-05,14438.0,2020-02-05 02:00:00
133,1580864400000,6.607e-05,6.632e-05,6.591e-05,6.619e-05,21837.0,2020-02-05 01:00:00
134,1580860800000,6.601e-05,6.664e-05,6.579e-05,6.579e-05,60004.0,2020-02-05 00:00:00
135,1580857200000,6.617e-05,6.64e-05,6.601e-05,6.64e-05,15726.0,2020-02-04 23:00:00
136,1580853600000,6.586e-05,6.626e-05,6.577e-05,6.581e-05,12030.0,2020-02-04 22:00:00
137,1580850000000,6.655e-05,6.656e-05,6.563e-05,6.591e-05,50648.0,2020-02-04 21:00:00
138,1580846400000,6.643e-05,6.685e-05,6.616e-05,6.656e-05,15800.0,2020-02-04 20:00:00
139,1580842800000,6.675e-05,6.704e-05,6.638e-05,6.676e-05,35708.0,2020-02-04 19:00:00
140,1580839200000,6.69e-05,6.704e-05,6.666e-05,6.694e-05,35734.0,2020-02-04 18:00:00
141,1580835600000,6.662e-05,6.704e-05,6.662e-05,6.699e-05,26032.0,2020-02-04 17:00:00
142,1580832000000,6.66e-05,6.665e-05,6.625e-05,6.664e-05,12971.0,2020-02-04 16:00:00
143,1580828400000,6.615e-05,6.665e-05,6.614e-05,6.66e-05,17272.0,2020-02-04 15:00:00
144,1580824800000,6.617e-05,6.657e-05,6.614e-05,6.634e-05,42256.0,2020-02-04 14:00:00
145,1580821200000,6.584e-05,6.647e-05,6.583e-05,6.616e-05,35732.0,2020-02-04 13:00:00
146,1580817600000,6.651e-05,6.656e-05,6.582e-05,6.583e-05,20266.0,2020-02-04 12:00:00
147,1580814000000,6.52e-05,6.651e-05,6.52e-05,6.651e-05,33985.0,2020-02-04 11:00:00
148,1580810400000,6.48e-05,6.558e-05,6.479e-05,6.558e-05,35159.0,2020-02-04 10:00:00
149,1580806800000,6.649e-05,6.684e-05,6.479e-05,6.479e-05,144583.0,2020-02-04 09:00:00
150,1580803200000,6.611e-05,6.707e-05,6.591e-05,6.651e-05,59351.0,2020-02-04 08:00:00
151,1580799600000,6.646e-05,6.673e-05,6.59e-05,6.603e-05,72523.0,2020-02-04 07:00:00
152,1580796000000,6.733e-05,6.733e-05,6.543e-05,6.639e-05,103588.0,2020-02-04 06:00:00
153,1580792400000,6.748e-05,6.772e-05,6.596e-05,6.699e-05,88275.0,2020-02-04 05:00:00
154,1580788800000,6.833e-05,6.873e-05,6.694e-05,6.741e-05,108004.0,2020-02-04 04:00:00
155,1580785200000,6.89e-05,6.91e-05,6.838e-05,6.838e-05,33108.0,2020-02-04 03:00:00
156,1580781600000,6.907e-05,6.911e-05,6.832e-05,6.89e-05,31282.0,2020-02-04 02:00:00
157,1580778000000,6.778e-05,6.916e-05,6.743e-05,6.903e-05,93899.0,2020-02-04 01:00:00
158,1580774400000,6.808e-05,6.822e-05,6.75e-05,6.778e-05,16155.0,2020-02-04 00:00:00
159,1580770800000,6.8e-05,6.855e-05,6.8e-05,6.808e-05,25109.0,2020-02-03 23:00:00
160,1580767200000,6.762e-05,6.818e-05,6.761e-05,6.8e-05,21765.0,2020-02-03 22:00:00
161,1580763600000,6.862e-05,6.871e-05,6.743e-05,6.795e-05,72043.0,2020-02-03 21:00:00
162,1580760000000,6.656e-05,6.88e-05,6.656e-05,6.88e-05,164586.0,2020-02-03 20:00:00
163,1580756400000,6.691e-05,6.691e-05,6.64e-05,6.683e-05,12652.0,2020-02-03 19:00:00
164,1580752800000,6.687e-05,6.691e-05,6.657e-05,6.691e-05,14631.0,2020-02-03 18:00:00
165,1580749200000,6.719e-05,6.749e-05,6.646e-05,6.676e-05,58706.0,2020-02-03 17:00:00
166,1580745600000,6.74e-05,6.784e-05,6.607e-05,6.718e-05,98781.0,2020-02-03 16:00:00
167,1580742000000,6.822e-05,6.825e-05,6.7e-05,6.74e-05,86143.0,2020-02-03 15:00:00
168,1580738400000,6.702e-05,6.822e-05,6.679e-05,6.822e-05,186771.0,2020-02-03 14:00:00
169,1580734800000,6.658e-05,6.702e-05,6.619e-05,6.702e-05,48340.0,2020-02-03 13:00:00
170,1580731200000,6.636e-05,6.656e-05,6.6e-05,6.656e-05,13772.0,2020-02-03 12:00:00
171,1580727600000,6.597e-05,6.642e-05,6.586e-05,6.634e-05,15229.0,2020-02-03 11:00:00
172,1580724000000,6.662e-05,6.667e-05,6.597e-05,6.597e-05,19353.0,2020-02-03 10:00:00
173,1580720400000,6.664e-05,6.666e-05,6.598e-05,6.666e-05,20755.0,2020-02-03 09:00:00
174,1580716800000,6.669e-05,6.689e-05,6.646e-05,6.65e-05,6304.0,2020-02-03 08:00:00
175,1580713200000,6.63e-05,6.677e-05,6.629e-05,6.641e-05,11321.0,2020-02-03 07:00:00
176,1580709600000,6.623e-05,6.639e-05,6.605e-05,6.639e-05,5832.0,2020-02-03 06:00:00
177,1580706000000,6.589e-05,6.624e-05,6.578e-05,6.624e-05,6564.0,2020-02-03 05:00:00
178,1580702400000,6.628e-05,6.628e-05,6.58e-05,6.624e-05,2879.0,2020-02-03 04:00:00
179,1580698800000,6.64e-05,6.673e-05,6.6e-05,6.638e-05,33525.0,2020-02-03 03:00:00
180,1580695200000,6.606e-05,6.678e-05,6.592e-05,6.652e-05,48253.0,2020-02-03 02:00:00
181,1580691600000,6.58e-05,6.606e-05,6.547e-05,6.583e-05,15734.0,2020-02-03 01:00:00
182,1580688000000,6.599e-05,6.628e-05,6.543e-05,6.55e-05,21418.0,2020-02-03 00:00:00
183,1580684400000,6.554e-05,6.6e-05,6.525e-05,6.598e-05,12903.0,2020-02-02 23:00:00
184,1580680800000,6.541e-05,6.564e-05,6.521e-05,6.525e-05,22212.0,2020-02-02 22:00:00
185,1580677200000,6.565e-05,6.568e-05,6.46e-05,6.521e-05,62513.0,2020-02-02 21:00:00
186,1580673600000,6.543e-05,6.568e-05,6.531e-05,6.548e-05,15827.0,2020-02-02 20:00:00
187,1580670000000,6.531e-05,6.559e-05,6.488e-05,6.543e-05,14312.0,2020-02-02 19:00:00
188,1580666400000,6.535e-05,6.567e-05,6.531e-05,6.552e-05,13017.0,2020-02-02 18:00:00
189,1580662800000,6.584e-05,6.584e-05,6.534e-05,6.568e-05,10667.0,2020-02-02 17:00:00
190,1580659200000,6.555e-05,6.584e-05,6.547e-05,6.584e-05,13631.0,2020-02-02 16:00:00
191,1580655600000,6.59e-05,6.597e-05,6.535e-05,6.571e-05,24793.0,2020-02-02 15:00:00
192,1580652000000,6.579e-05,6.599e-05,6.549e-05,6.599e-05,13516.0,2020-02-02 14:00:00
193,1580648400000,6.604e-05,6.63e-05,6.558e-05,6.577e-05,31396.0,2020-02-02 13:00:00
194,1580644800000,6.622e-05,6.663e-05,6.579e-05,6.604e-05,41294.0,2020-02-02 12:00:00
195,1580641200000,6.635e-05,6.676e-05,6.484e-05,6.593e-05,96551.0,2020-02-02 11:00:00
196,1580637600000,6.65e-05,6.676e-05,6.612e-05,6.635e-05,35052.0,2020-02-02 10:00:00
197,1580634000000,6.64e-05,6.651e-05,6.618e-05,6.651e-05,4349.0,2020-02-02 09:00:00
198,1580630400000,6.612e-05,6.651e-05,6.601e-05,6.638e-05,21020.0,2020-02-02 08:00:00
199,1580626800000,6.608e-05,6.664e-05,6.605e-05,6.612e-05,24902.0,2020-02-02 07:00:00
200,1580623200000,6.595e-05,6.65e-05,6.583e-05,6.615e-05,31860.0,2020-02-02 06:00:00
201,1580619600000,6.613e-05,6.614e-05,6.58e-05,6.607e-05,3594.0,2020-02-02 05:00:00
202,1580616000000,6.615e-05,6.62e-05,6.569e-05,6.595e-05,12919.0,2020-02-02 04:00:00
203,1580612400000,6.589e-05,6.623e-05,6.54e-05,6.586e-05,19222.0,2020-02-02 03:00:00
204,1580608800000,6.576e-05,6.636e-05,6.573e-05,6.63e-05,18325.0,2020-02-02 02:00:00
205,1580605200000,6.588e-05,6.623e-05,6.57e-05,6.571e-05,14092.0,2020-02-02 01:00:00
206,1580601600000,6.597e-05,6.626e-05,6.582e-05,6.587e-05,9302.0,2020-02-02 00:00:00
207,1580598000000,6.58e-05,6.6e-05,6.579e-05,6.6e-05,9755.0,2020-02-01 23:00:00
208,1580594400000,6.596e-05,6.625e-05,6.579e-05,6.6e-05,11291.0,2020-02-01 22:00:00
209,1580590800000,6.629e-05,6.63e-05,6.596e-05,6.596e-05,8061.0,2020-02-01 21:00:00
210,1580587200000,6.609e-05,6.646e-05,6.601e-05,6.63e-05,2980.0,2020-02-01 20:00:00
211,1580583600000,6.65e-05,6.65e-05,6.603e-05,6.609e-05,5952.0,2020-02-01 19:00:00
212,1580580000000,6.611e-05,6.65e-05,6.609e-05,6.65e-05,4427.0,2020-02-01 18:00:00
213,1580576400000,6.635e-05,6.677e-05,6.611e-05,6.655e-05,18840.0,2020-02-01 17:00:00
214,1580572800000,6.606e-05,6.649e-05,6.595e-05,6.595e-05,9032.0,2020-02-01 16:00:00
215,1580569200000,6.635e-05,6.649e-05,6.602e-05,6.606e-05,6197.0,2020-02-01 15:00:00
216,1580565600000,6.608e-05,6.644e-05,6.597e-05,6.601e-05,9820.0,2020-02-01 14:00:00
217,1580562000000,6.548e-05,6.652e-05,6.546e-05,6.608e-05,9451.0,2020-02-01 13:00:00
218,1580558400000,6.57e-05,6.598e-05,6.548e-05,6.548e-05,3047.0,2020-02-01 12:00:00
219,1580554800000,6.574e-05,6.595e-05,6.54e-05,6.57e-05,11453.0,2020-02-01 11:00:00
220,1580551200000,6.579e-05,6.6e-05,6.56e-05,6.585e-05,4687.0,2020-02-01 10:00:00
221,1580547600000,6.59e-05,6.634e-05,6.54e-05,6.572e-05,22512.0,2020-02-01 09:00:00
222,1580544000000,6.644e-05,6.688e-05,6.593e-05,6.593e-05,13903.0,2020-02-01 08:00:00
223,1580540400000,6.565e-05,6.696e-05,6.559e-05,6.676e-05,52034.0,2020-02-01 07:00:00
224,1580536800000,6.614e-05,6.614e-05,6.545e-05,6.545e-05,28536.0,2020-02-01 06:00:00
225,1580533200000,6.617e-05,6.659e-05,6.614e-05,6.614e-05,4134.0,2020-02-01 05:00:00
226,1580529600000,6.618e-05,6.654e-05,6.6e-05,6.614e-05,5897.0,2020-02-01 04:00:00
227,1580526000000,6.674e-05,6.686e-05,6.608e-05,6.612e-05,4866.0,2020-02-01 03:00:00
228,1580522400000,6.622e-05,6.676e-05,6.591e-05,6.633e-05,15849.0,2020-02-01 02:00:00
229,1580518800000,6.658e-05,6.658e-05,6.574e-05,6.622e-05,10769.0,2020-02-01 01:00:00
230,1580515200000,6.632e-05,6.658e-05,6.62e-05,6.658e-05,11359.0,2020-02-01 00:00:00
231,1580511600000,6.574e-05,6.661e-05,6.574e-05,6.626e-05,13649.0,2020-01-31 23:00:00
232,1580508000000,6.601e-05,6.626e-05,6.574e-05,6.574e-05,21061.0,2020-01-31 22:00:00
233,1580504400000,6.594e-05,6.63e-05,6.574e-05,6.61e-05,14922.0,2020-01-31 21:00:00
234,1580500800000,6.555e-05,6.594e-05,6.541e-05,6.594e-05,5867.0,2020-01-31 20:00:00
235,1580497200000,6.524e-05,6.555e-05,6.519e-05,6.555e-05,9042.0,2020-01-31 19:00:00
236,1580493600000,6.56e-05,6.572e-05,6.523e-05,6.529e-05,8588.0,2020-01-31 18:00:00
237,1580490000000,6.546e-05,6.592e-05,6.509e-05,6.587e-05,24785.0,2020-01-31 17:00:00
238,1580486400000,6.544e-05,6.59e-05,6.512e-05,6.519e-05,18696.0,2020-01-31 16:00:00
239,1580482800000,6.532e-05,6.573e-05,6.502e-05,6.547e-05,21689.0,2020-01-31 15:00:00
240,1580479200000,6.498e-05,6.561e-05,6.486e-05,6.535e-05,46404.0,2020-01-31 14:00:00
241,1580475600000,6.495e-05,6.529e-05,6.414e-05,6.529e-05,67441.0,2020-01-31 13:00:00
242,1580472000000,6.685e-05,6.685e-05,6.482e-05,6.486e-05,51946.0,2020-01-31 12:00:00
243,1580468400000,6.687e-05,6.694e-05,6.638e-05,6.68e-05,21299.0,2020-01-31 11:00:00
244,1580464800000,6.672e-05,6.702e-05,6.658e-05,6.689e-05,10855.0,2020-01-31 10:00:00
245,1580461200000,6.668e-05,6.692e-05,6.65e-05,6.687e-05,6274.0,2020-01-31 09:00:00
246,1580457600000,6.625e-05,6.684e-05,6.594e-05,6.67e-05,13846.0,2020-01-31 08:00:00
247,1580454000000,6.647e-05,6.655e-05,6.603e-05,6.625e-05,7266.0,2020-01-31 07:00:00
248,1580450400000,6.629e-05,6.662e-05,6.614e-05,6.655e-05,15546.0,2020-01-31 06:00:00
249,1580446800000,6.689e-05,6.704e-05,6.605e-05,6.618e-05,36780.0,2020-01-31 05:00:00
250,1580443200000,6.682e-05,6.71e-05,6.659e-05,6.705e-05,4181.0,2020-01-31 04:00:00
251,1580439600000,6.68e-05,6.693e-05,6.652e-05,6.659e-05,25577.0,2020-01-31 03:00:00
252,1580436000000,6.696e-05,6.723e-05,6.677e-05,6.68e-05,14280.0,2020-01-31 02:00:00
253,1580432400000,6.701e-05,6.77e-05,6.687e-05,6.696e-05,22060.0,2020-01-31 01:00:00
254,1580428800000,6.696e-05,6.722e-05,6.683e-05,6.701e-05,24300.0,2020-01-31 00:00:00
255,1580425200000,6.685e-05,6.772e-05,6.685e-05,6.692e-05,22390.0,2020-01-30 23:00:00
256,1580421600000,6.69e-05,6.749e-05,6.68e-05,6.71e-05,30807.0,2020-01-30 22:00:00
257,1580418000000,6.728e-05,6.752e-05,6.676e-05,6.714e-05,30817.0,2020-01-30 21:00:00
258,1580414400000,6.729e-05,6.736e-05,6.658e-05,6.725e-05,25012.0,2020-01-30 20:00:00
259,1580410800000,6.671e-05,6.739e-05,6.66e-05,6.705e-05,15160.0,2020-01-30 19:00:00
260,1580407200000,6.703e-05,6.74e-05,6.663e-05,6.671e-05,20950.0,2020-01-30 18:00:00
261,1580403600000,6.664e-05,6.73e-05,6.658e-05,6.717e-05,32965.0,2020-01-30 17:00:00
262,1580400000000,6.633e-05,6.74e-05,6.601e-05,6.703e-05,51617.0,2020-01-30 16:00:00
263,1580396400000,6.671e-05,6.696e-05,6.61e-05,6.621e-05,49126.0,2020-01-30 15:00:00
264,1580392800000,6.73e-05,6.74e-05,6.67e-05,6.717e-05,20014.0,2020-01-30 14:00:00
265,1580389200000,6.699e-05,6.758e-05,6.644e-05,6.73e-05,51851.0,2020-01-30 13:00:00
266,1580385600000,6.673e-05,6.723e-05,6.632e-05,6.699e-05,11379.0,2020-01-30 12:00:00
267,1580382000000,6.695e-05,6.697e-05,6.633e-05,6.674e-05,26506.0,2020-01-30 11:00:00
268,1580378400000,6.726e-05,6.781e-05,6.695e-05,6.695e-05,20502.0,2020-01-30 10:00:00
269,1580374800000,6.716e-05,6.756e-05,6.663e-05,6.718e-05,33179.0,2020-01-30 09:00:00
270,1580371200000,6.746e-05,6.769e-05,6.696e-05,6.716e-05,15730.0,2020-01-30 08:00:00
271,1580367600000,6.677e-05,6.758e-05,6.621e-05,6.711e-05,41151.0,2020-01-30 07:00:00
272,1580364000000,6.633e-05,6.684e-05,6.597e-05,6.684e-05,46957.0,2020-01-30 06:00:00
273,1580360400000,6.631e-05,6.639e-05,6.586e-05,6.597e-05,17850.0,2020-01-30 05:00:00
274,1580356800000,6.58e-05,6.629e-05,6.58e-05,6.629e-05,22558.0,2020-01-30 04:00:00
275,1580353200000,6.649e-05,6.649e-05,6.542e-05,6.573e-05,56573.0,2020-01-30 03:00:00
276,1580349600000,6.604e-05,6.703e-05,6.585e-05,6.658e-05,55295.0,2020-01-30 02:00:00
277,1580346000000,6.5e-05,6.623e-05,6.47e-05,6.619e-05,62621.0,2020-01-30 01:00:00
278,1580342400000,6.644e-05,6.668e-05,6.467e-05,6.5e-05,166747.0,2020-01-30 00:00:00
279,1580338800000,6.751e-05,6.751e-05,6.615e-05,6.644e-05,93907.0,2020-01-29 23:00:00
280,1580335200000,6.721e-05,6.751e-05,6.69e-05,6.751e-05,41128.0,2020-01-29 22:00:00
281,1580331600000,6.721e-05,6.76e-05,6.714e-05,6.721e-05,16336.0,2020-01-29 21:00:00
282,1580328000000,6.74e-05,6.789e-05,6.712e-05,6.758e-05,60250.0,2020-01-29 20:00:00
283,1580324400000,6.735e-05,6.777e-05,6.718e-05,6.746e-05,7505.0,2020-01-29 19:00:00
284,1580320800000,6.777e-05,6.789e-05,6.717e-05,6.737e-05,22002.0,2020-01-29 18:00:00
285,1580317200000,6.739e-05,6.838e-05,6.686e-05,6.773e-05,107162.0,2020-01-29 17:00:00
286,1580313600000,6.663e-05,6.758e-05,6.642e-05,6.748e-05,158928.0,2020-01-29 16:00:00
287,1580310000000,6.633e-05,6.699e-05,6.626e-05,6.692e-05,42889.0,2020-01-29 15:00:00
288,1580306400000,6.696e-05,6.7e-05,6.623e-05,6.633e-05,110742.0,2020-01-29 14:00:00
289,1580302800000,6.732e-05,6.742e-05,6.632e-05,6.7e-05,84605.0,2020-01-29 13:00:00
290,1580299200000,6.775e-05,6.791e-05,6.711e-05,6.754e-05,55248.0,2020-01-29 12:00:00
291,1580295600000,6.847e-05,6.871e-05,6.743e-05,6.773e-05,49677.0,2020-01-29 11:00:00
292,1580292000000,6.9e-05,6.928e-05,6.725e-05,6.847e-05,54420.0,2020-01-29 10:00:00
293,1580288400000,6.913e-05,6.913e-05,6.866e-05,6.907e-05,15346.0,2020-01-29 09:00:00
294,1580284800000,7.011e-05,7.019e-05,6.884e-05,6.905e-05,63596.0,2020-01-29 08:00:00
295,1580281200000,7.003e-05,7.047e-05,6.98e-05,7.017e-05,38450.0,2020-01-29 07:00:00
296,1580277600000,6.971e-05,7.045e-05,6.946e-05,7.044e-05,49385.0,2020-01-29 06:00:00
297,1580274000000,6.908e-05,6.97e-05,6.89e-05,6.97e-05,24567.0,2020-01-29 05:00:00
298,1580270400000,6.78e-05,6.952e-05,6.78e-05,6.952e-05,30816.0,2020-01-29 04:00:00
299,1580266800000,6.798e-05,6.829e-05,6.754e-05,6.807e-05,24120.0,2020-01-29 03:00:00
300,1580263200000,6.879e-05,6.912e-05,6.78e-05,6.8e-05,25807.0,2020-01-29 02:00:00
301,1580259600000,6.911e-05,6.939e-05,6.865e-05,6.879e-05,19247.0,2020-01-29 01:00:00
302,1580256000000,6.861e-05,6.942e-05,6.816e-05,6.912e-05,41004.0,2020-01-29 00:00:00
303,1580252400000,6.849e-05,6.87e-05,6.752e-05,6.854e-05,82971.0,2020-01-28 23:00:00
304,1580248800000,6.799e-05,6.864e-05,6.799e-05,6.843e-05,14735.0,2020-01-28 22:00:00
305,1580245200000,6.825e-05,6.854e-05,6.794e-05,6.799e-05,10523.0,2020-01-28 21:00:00
306,1580241600000,6.851e-05,6.873e-05,6.794e-05,6.825e-05,37497.0,2020-01-28 20:00:00
307,1580238000000,6.863e-05,6.885e-05,6.822e-05,6.842e-05,36239.0,2020-01-28 19:00:00
308,1580234400000,6.818e-05,6.907e-05,6.777e-05,6.861e-05,53149.0,2020-01-28 18:00:00
309,1580230800000,6.863e-05,6.876e-05,6.758e-05,6.81e-05,59430.0,2020-01-28 17:00:00
310,1580227200000,6.934e-05,6.934e-05,6.831e-05,6.859e-05,68677.0,2020-01-28 16:00:00
311,1580223600000,6.977e-05,6.994e-05,6.901e-05,6.934e-05,26754.0,2020-01-28 15:00:00
312,1580220000000,6.93e-05,7.069e-05,6.869e-05,6.976e-05,66572.0,2020-01-28 14:00:00
313,1580216400000,6.965e-05,6.991e-05,6.875e-05,6.93e-05,48711.0,2020-01-28 13:00:00
314,1580212800000,6.925e-05,7.016e-05,6.869e-05,6.97e-05,64846.0,2020-01-28 12:00:00
315,1580209200000,6.977e-05,6.992e-05,6.884e-05,6.925e-05,71958.0,2020-01-28 11:00:00
316,1580205600000,7e-05,7.064e-05,6.951e-05,6.982e-05,59925.0,2020-01-28 10:00:00
317,1580202000000,6.95e-05,7.062e-05,6.906e-05,6.99e-05,115661.0,2020-01-28 09:00:00
318,1580198400000,6.911e-05,6.973e-05,6.884e-05,6.93e-05,52034.0,2020-01-28 08:00:00
319,1580194800000,6.892e-05,6.943e-05,6.851e-05,6.907e-05,43495.0,2020-01-28 07:00:00
320,1580191200000,6.882e-05,6.958e-05,6.865e-05,6.92e-05,67410.0,2020-01-28 06:00:00
321,1580187600000,7.007e-05,7.007e-05,6.865e-05,6.865e-05,99358.0,2020-01-28 05:00:00
322,1580184000000,7.111e-05,7.111e-05,6.98e-05,6.99e-05,48131.0,2020-01-28 04:00:00
323,1580180400000,7.032e-05,7.14e-05,7.005e-05,7.1e-05,63800.0,2020-01-28 03:00:00
324,1580176800000,7.04e-05,7.078e-05,6.971e-05,7.032e-05,46888.0,2020-01-28 02:00:00
325,1580173200000,7.178e-05,7.178e-05,7.036e-05,7.036e-05,108615.0,2020-01-28 01:00:00
326,1580169600000,7.253e-05,7.45e-05,7.136e-05,7.163e-05,171668.0,2020-01-28 00:00:00
327,1580166000000,7.299e-05,7.647e-05,7.2e-05,7.254e-05,238515.0,2020-01-27 23:00:00
328,1580162400000,6.899e-05,7.777e-05,6.836e-05,7.269e-05,807860.0,2020-01-27 22:00:00
329,1580158800000,6.913e-05,6.929e-05,6.837e-05,6.9e-05,37259.0,2020-01-27 21:00:00
330,1580155200000,6.884e-05,6.976e-05,6.836e-05,6.913e-05,66350.0,2020-01-27 20:00:00
331,1580151600000,7.061e-05,7.07e-05,6.859e-05,6.885e-05,198647.0,2020-01-27 19:00:00
332,1580148000000,7.136e-05,7.145e-05,7.033e-05,7.033e-05,143361.0,2020-01-27 18:00:00
333,1580144400000,7.05e-05,7.148e-05,7.022e-05,7.139e-05,166877.0,2020-01-27 17:00:00
334,1580140800000,6.978e-05,7.07e-05,6.978e-05,7.07e-05,71347.0,2020-01-27 16:00:00
335,1580137200000,6.946e-05,7.06e-05,6.942e-05,6.978e-05,70104.0,2020-01-27 15:00:00
336,1580133600000,7.053e-05,7.07e-05,6.9e-05,6.903e-05,92148.0,2020-01-27 14:00:00
337,1580130000000,6.941e-05,7.053e-05,6.91e-05,7.053e-05,258160.0,2020-01-27 13:00:00
338,1580126400000,6.828e-05,6.94e-05,6.828e-05,6.94e-05,118850.0,2020-01-27 12:00:00
339,1580122800000,6.881e-05,6.89e-05,6.769e-05,6.828e-05,145714.0,2020-01-27 11:00:00
340,1580119200000,6.891e-05,6.929e-05,6.88e-05,6.881e-05,80210.0,2020-01-27 10:00:00
341,1580115600000,6.9e-05,6.955e-05,6.882e-05,6.886e-05,88316.0,2020-01-27 09:00:00
342,1580112000000,6.905e-05,7.044e-05,6.888e-05,6.9e-05,191677.0,2020-01-27 08:00:00
343,1580108400000,6.79e-05,6.918e-05,6.79e-05,6.905e-05,94200.0,2020-01-27 07:00:00
344,1580104800000,6.829e-05,6.854e-05,6.789e-05,6.79e-05,26352.0,2020-01-27 06:00:00
345,1580101200000,6.867e-05,6.882e-05,6.788e-05,6.829e-05,17253.0,2020-01-27 05:00:00
346,1580097600000,6.835e-05,6.882e-05,6.835e-05,6.881e-05,49129.0,2020-01-27 04:00:00
347,1580094000000,6.937e-05,6.952e-05,6.723e-05,6.86e-05,390103.0,2020-01-27 03:00:00
348,1580090400000,6.999e-05,7.07e-05,6.882e-05,6.976e-05,128090.0,2020-01-27 02:00:00
349,1580086800000,7.039e-05,7.14e-05,6.953e-05,6.98e-05,246450.0,2020-01-27 01:00:00
350,1580083200000,6.883e-05,7.072e-05,6.875e-05,6.992e-05,145663.0,2020-01-27 00:00:00
351,1580079600000,7.04e-05,7.125e-05,6.882e-05,6.883e-05,124933.0,2020-01-26 23:00:00
352,1580076000000,6.886e-05,7.069e-05,6.869e-05,7.068e-05,99478.0,2020-01-26 22:00:00
353,1580072400000,6.896e-05,6.933e-05,6.839e-05,6.909e-05,70746.0,2020-01-26 21:00:00
354,1580068800000,6.868e-05,6.95e-05,6.821e-05,6.923e-05,40069.0,2020-01-26 20:00:00
355,1580065200000,6.802e-05,6.869e-05,6.761e-05,6.868e-05,31516.0,2020-01-26 19:00:00
356,1580061600000,6.912e-05,6.923e-05,6.763e-05,6.802e-05,31584.0,2020-01-26 18:00:00
357,1580058000000,6.79e-05,6.974e-05,6.763e-05,6.881e-05,118555.0,2020-01-26 17:00:00
358,1580054400000,6.851e-05,6.851e-05,6.75e-05,6.79e-05,108710.0,2020-01-26 16:00:00
359,1580050800000,6.808e-05,6.875e-05,6.696e-05,6.822e-05,154480.0,2020-01-26 15:00:00
360,1580047200000,6.978e-05,7.074e-05,6.76e-05,6.773e-05,419902.0,2020-01-26 14:00:00
361,1580043600000,6.58e-05,7.243e-05,6.55e-05,6.988e-05,719411.0,2020-01-26 13:00:00
362,1580040000000,6.44e-05,6.612e-05,6.427e-05,6.58e-05,94305.0,2020-01-26 12:00:00
363,1580036400000,6.378e-05,6.461e-05,6.353e-05,6.441e-05,16947.0,2020-01-26 11:00:00
364,1580032800000,6.398e-05,6.426e-05,6.35e-05,6.36e-05,8537.0,2020-01-26 10:00:00
365,1580029200000,6.348e-05,6.403e-05,6.317e-05,6.398e-05,24993.0,2020-01-26 09:00:00
366,1580025600000,6.364e-05,6.39e-05,6.256e-05,6.339e-05,77533.0,2020-01-26 08:00:00
367,1580022000000,6.372e-05,6.381e-05,6.349e-05,6.363e-05,4760.0,2020-01-26 07:00:00
368,1580018400000,6.391e-05,6.402e-05,6.279e-05,6.353e-05,65120.0,2020-01-26 06:00:00
369,1580014800000,6.375e-05,6.41e-05,6.371e-05,6.396e-05,6869.0,2020-01-26 05:00:00
370,1580011200000,6.399e-05,6.419e-05,6.382e-05,6.414e-05,3630.0,2020-01-26 04:00:00
371,1580007600000,6.417e-05,6.429e-05,6.384e-05,6.384e-05,1646.0,2020-01-26 03:00:00
372,1580004000000,6.382e-05,6.415e-05,6.371e-05,6.415e-05,5033.0,2020-01-26 02:00:00
373,1580000400000,6.402e-05,6.434e-05,6.387e-05,6.412e-05,3984.0,2020-01-26 01:00:00
374,1579996800000,6.434e-05,6.434e-05,6.378e-05,6.378e-05,7995.0,2020-01-26 00:00:00
375,1579993200000,6.432e-05,6.467e-05,6.429e-05,6.435e-05,3824.0,2020-01-25 23:00:00
376,1579989600000,6.43e-05,6.48e-05,6.415e-05,6.43e-05,13462.0,2020-01-25 22:00:00
377,1579986000000,6.373e-05,6.447e-05,6.34e-05,6.428e-05,10630.0,2020-01-25 21:00:00
378,1579982400000,6.369e-05,6.373e-05,6.35e-05,6.371e-05,737.0,2020-01-25 20:00:00
379,1579978800000,6.378e-05,6.4e-05,6.334e-05,6.334e-05,6796.0,2020-01-25 19:00:00
380,1579975200000,6.357e-05,6.385e-05,6.334e-05,6.378e-05,2139.0,2020-01-25 18:00:00
381,1579971600000,6.389e-05,6.389e-05,6.314e-05,6.366e-05,9515.0,2020-01-25 17:00:00
382,1579968000000,6.379e-05,6.405e-05,6.372e-05,6.398e-05,2421.0,2020-01-25 16:00:00
383,1579964400000,6.348e-05,6.437e-05,6.324e-05,6.351e-05,12984.0,2020-01-25 15:00:00
384,1579960800000,6.355e-05,6.387e-05,6.321e-05,6.38e-05,3518.0,2020-01-25 14:00:00
385,1579957200000,6.395e-05,6.414e-05,6.261e-05,6.351e-05,32907.0,2020-01-25 13:00:00
386,1579953600000,6.397e-05,6.409e-05,6.351e-05,6.395e-05,4574.0,2020-01-25 12:00:00
387,1579950000000,6.419e-05,6.419e-05,6.333e-05,6.397e-05,7455.0,2020-01-25 11:00:00
388,1579946400000,6.444e-05,6.451e-05,6.379e-05,6.419e-05,11970.0,2020-01-25 10:00:00
389,1579942800000,6.432e-05,6.473e-05,6.389e-05,6.442e-05,12870.0,2020-01-25 09:00:00
390,1579939200000,6.338e-05,6.443e-05,6.305e-05,6.432e-05,20156.0,2020-01-25 08:00:00
391,1579935600000,6.392e-05,6.405e-05,6.322e-05,6.368e-05,30933.0,2020-01-25 07:00:00
392,1579932000000,6.536e-05,6.553e-05,6.32e-05,6.392e-05,134353.0,2020-01-25 06:00:00
393,1579928400000,6.49e-05,6.585e-05,6.477e-05,6.536e-05,9157.0,2020-01-25 05:00:00
394,1579924800000,6.52e-05,6.569e-05,6.451e-05,6.478e-05,13381.0,2020-01-25 04:00:00
395,1579921200000,6.395e-05,6.625e-05,6.395e-05,6.5e-05,148659.0,2020-01-25 03:00:00
396,1579917600000,6.374e-05,6.435e-05,6.317e-05,6.395e-05,41844.0,2020-01-25 02:00:00
397,1579914000000,6.335e-05,6.38e-05,6.329e-05,6.38e-05,16983.0,2020-01-25 01:00:00
398,1579910400000,6.501e-05,6.518e-05,6.297e-05,6.334e-05,35651.0,2020-01-25 00:00:00
399,1579906800000,6.434e-05,6.533e-05,6.429e-05,6.501e-05,7844.0,2020-01-24 23:00:00
400,1579903200000,6.518e-05,6.556e-05,6.421e-05,6.465e-05,18242.0,2020-01-24 22:00:00
401,1579899600000,6.454e-05,6.539e-05,6.451e-05,6.524e-05,10895.0,2020-01-24 21:00:00
402,1579896000000,6.441e-05,6.518e-05,6.441e-05,6.493e-05,7226.0,2020-01-24 20:00:00
403,1579892400000,6.439e-05,6.485e-05,6.4e-05,6.485e-05,6445.0,2020-01-24 19:00:00
404,1579888800000,6.426e-05,6.44e-05,6.389e-05,6.439e-05,6011.0,2020-01-24 18:00:00
405,1579885200000,6.451e-05,6.502e-05,6.398e-05,6.44e-05,36418.0,2020-01-24 17:00:00
406,1579881600000,6.384e-05,6.47e-05,6.362e-05,6.439e-05,46924.0,2020-01-24 16:00:00
407,1579878000000,6.449e-05,6.525e-05,6.352e-05,6.394e-05,31006.0,2020-01-24 15:00:00
408,1579874400000,6.486e-05,6.6e-05,6.419e-05,6.462e-05,63920.0,2020-01-24 14:00:00
409,1579870800000,6.415e-05,6.508e-05,6.362e-05,6.471e-05,50541.0,2020-01-24 13:00:00
410,1579867200000,6.302e-05,6.415e-05,6.273e-05,6.415e-05,19781.0,2020-01-24 12:00:00
411,1579863600000,6.207e-05,6.396e-05,6.19e-05,6.289e-05,28565.0,2020-01-24 11:00:00
412,1579860000000,6.29e-05,6.346e-05,6.19e-05,6.228e-05,26723.0,2020-01-24 10:00:00
413,1579856400000,6.423e-05,6.484e-05,6.234e-05,6.29e-05,41937.0,2020-01-24 09:00:00
414,1579852800000,6.231e-05,6.539e-05,6.185e-05,6.423e-05,118020.0,2020-01-24 08:00:00
415,1579849200000,6.14e-05,6.273e-05,6.127e-05,6.273e-05,26015.0,2020-01-24 07:00:00
416,1579845600000,6.105e-05,6.14e-05,6.093e-05,6.14e-05,16303.0,2020-01-24 06:00:00
417,1579842000000,6.141e-05,6.143e-05,6.078e-05,6.08e-05,15510.0,2020-01-24 05:00:00
418,1579838400000,6.099e-05,6.145e-05,6.06e-05,6.106e-05,13734.0,2020-01-24 04:00:00
419,1579834800000,6.099e-05,6.192e-05,6.029e-05,6.099e-05,30970.0,2020-01-24 03:00:00
420,1579831200000,6.346e-05,6.347e-05,6.097e-05,6.097e-05,24780.0,2020-01-24 02:00:00
421,1579827600000,6.258e-05,6.346e-05,6.258e-05,6.323e-05,19104.0,2020-01-24 01:00:00
422,1579824000000,6.3e-05,6.3e-05,6.257e-05,6.258e-05,9341.0,2020-01-24 00:00:00
423,1579820400000,6.3e-05,6.353e-05,6.178e-05,6.299e-05,41572.0,2020-01-23 23:00:00
424,1579816800000,6.287e-05,6.349e-05,6.285e-05,6.297e-05,26364.0,2020-01-23 22:00:00
425,1579813200000,6.221e-05,6.295e-05,6.107e-05,6.295e-05,77158.0,2020-01-23 21:00:00
426,1579809600000,6.227e-05,6.257e-05,6.213e-05,6.248e-05,7001.0,2020-01-23 20:00:00
427,1579806000000,6.275e-05,6.288e-05,6.213e-05,6.226e-05,21641.0,2020-01-23 19:00:00
428,1579802400000,6.363e-05,6.37e-05,6.226e-05,6.275e-05,62414.0,2020-01-23 18:00:00
429,1579798800000,6.369e-05,6.419e-05,6.32e-05,6.369e-05,58381.0,2020-01-23 17:00:00
430,1579795200000,6.454e-05,6.455e-05,6.32e-05,6.35e-05,28239.0,2020-01-23 16:00:00
431,1579791600000,6.365e-05,6.458e-05,6.365e-05,6.455e-05,28198.0,2020-01-23 15:00:00
432,1579788000000,6.377e-05,6.419e-05,6.36e-05,6.365e-05,24432.0,2020-01-23 14:00:00
433,1579784400000,6.418e-05,6.43e-05,6.361e-05,6.377e-05,17168.0,2020-01-23 13:00:00
434,1579780800000,6.46e-05,6.473e-05,6.35e-05,6.448e-05,57804.0,2020-01-23 12:00:00
435,1579777200000,6.504e-05,6.507e-05,6.419e-05,6.492e-05,15782.0,2020-01-23 11:00:00
436,1579773600000,6.516e-05,6.549e-05,6.465e-05,6.489e-05,23655.0,2020-01-23 10:00:00
437,1579770000000,6.573e-05,6.602e-05,6.483e-05,6.483e-05,31468.0,2020-01-23 09:00:00
438,1579766400000,6.528e-05,6.597e-05,6.507e-05,6.573e-05,7359.0,2020-01-23 08:00:00
439,1579762800000,6.481e-05,6.599e-05,6.481e-05,6.542e-05,21294.0,2020-01-23 07:00:00
440,1579759200000,6.578e-05,6.595e-05,6.48e-05,6.494e-05,34429.0,2020-01-23 06:00:00
441,1579755600000,6.555e-05,6.583e-05,6.521e-05,6.55e-05,11356.0,2020-01-23 05:00:00
442,1579752000000,6.589e-05,6.604e-05,6.52e-05,6.554e-05,12038.0,2020-01-23 04:00:00
443,1579748400000,6.55e-05,6.618e-05,6.519e-05,6.552e-05,14692.0,2020-01-23 03:00:00
444,1579744800000,6.634e-05,6.657e-05,6.55e-05,6.55e-05,42052.0,2020-01-23 02:00:00
445,1579741200000,6.686e-05,6.697e-05,6.634e-05,6.634e-05,29572.0,2020-01-23 01:00:00
446,1579737600000,6.72e-05,6.738e-05,6.674e-05,6.674e-05,12224.0,2020-01-23 00:00:00
447,1579734000000,6.681e-05,6.721e-05,6.646e-05,6.72e-05,3924.0,2020-01-22 23:00:00
448,1579730400000,6.66e-05,6.692e-05,6.625e-05,6.692e-05,8655.0,2020-01-22 22:00:00
449,1579726800000,6.632e-05,6.684e-05,6.632e-05,6.662e-05,11670.0,2020-01-22 21:00:00
450,1579723200000,6.626e-05,6.687e-05,6.621e-05,6.631e-05,10822.0,2020-01-22 20:00:00
451,1579719600000,6.66e-05,6.684e-05,6.605e-05,6.654e-05,4643.0,2020-01-22 19:00:00
452,1579716000000,6.693e-05,6.693e-05,6.62e-05,6.663e-05,16823.0,2020-01-22 18:00:00
453,1579712400000,6.748e-05,6.748e-05,6.636e-05,6.729e-05,21973.0,2020-01-22 17:00:00
454,1579708800000,6.627e-05,6.762e-05,6.62e-05,6.714e-05,24988.0,2020-01-22 16:00:00
455,1579705200000,6.683e-05,6.689e-05,6.55e-05,6.629e-05,57086.0,2020-01-22 15:00:00
456,1579701600000,6.723e-05,6.748e-05,6.642e-05,6.683e-05,15379.0,2020-01-22 14:00:00
457,1579698000000,6.825e-05,6.827e-05,6.612e-05,6.726e-05,66875.0,2020-01-22 13:00:00
458,1579694400000,6.81e-05,6.855e-05,6.754e-05,6.83e-05,8200.0,2020-01-22 12:00:00
459,1579690800000,6.797e-05,6.838e-05,6.754e-05,6.81e-05,15824.0,2020-01-22 11:00:00
460,1579687200000,6.845e-05,6.887e-05,6.768e-05,6.852e-05,29642.0,2020-01-22 10:00:00
461,1579683600000,6.884e-05,6.884e-05,6.8e-05,6.862e-05,15855.0,2020-01-22 09:00:00
462,1579680000000,6.916e-05,6.945e-05,6.833e-05,6.886e-05,26207.0,2020-01-22 08:00:00
463,1579676400000,6.928e-05,6.956e-05,6.91e-05,6.956e-05,16178.0,2020-01-22 07:00:00
464,1579672800000,6.881e-05,6.934e-05,6.83e-05,6.934e-05,16639.0,2020-01-22 06:00:00
465,1579669200000,6.833e-05,6.894e-05,6.648e-05,6.837e-05,87003.0,2020-01-22 05:00:00
466,1579665600000,6.79e-05,6.832e-05,6.766e-05,6.793e-05,15666.0,2020-01-22 04:00:00
467,1579662000000,6.869e-05,6.869e-05,6.775e-05,6.776e-05,22453.0,2020-01-22 03:00:00
468,1579658400000,6.848e-05,6.934e-05,6.847e-05,6.847e-05,6423.0,2020-01-22 02:00:00
469,1579654800000,6.913e-05,6.945e-05,6.808e-05,6.847e-05,18029.0,2020-01-22 01:00:00
470,1579651200000,6.892e-05,6.948e-05,6.84e-05,6.934e-05,11802.0,2020-01-22 00:00:00
471,1579647600000,6.933e-05,6.975e-05,6.844e-05,6.877e-05,9818.0,2020-01-21 23:00:00
472,1579644000000,6.946e-05,6.996e-05,6.924e-05,6.988e-05,4485.0,2020-01-21 22:00:00
473,1579640400000,6.94e-05,6.976e-05,6.831e-05,6.946e-05,18788.0,2020-01-21 21:00:00
474,1579636800000,6.8e-05,7.011e-05,6.8e-05,6.94e-05,43569.0,2020-01-21 20:00:00
475,1579633200000,6.955e-05,6.97e-05,6.737e-05,6.8e-05,90694.0,2020-01-21 19:00:00
476,1579629600000,6.92e-05,6.954e-05,6.879e-05,6.91e-05,44825.0,2020-01-21 18:00:00
477,1579626000000,6.957e-05,6.984e-05,6.909e-05,6.909e-05,10428.0,2020-01-21 17:00:00
478,1579622400000,7.036e-05,7.063e-05,6.931e-05,6.937e-05,37118.0,2020-01-21 16:00:00
479,1579618800000,6.962e-05,7.042e-05,6.91e-05,7.042e-05,34987.0,2020-01-21 15:00:00
480,1579615200000,6.997e-05,7.07e-05,6.907e-05,6.96e-05,58202.0,2020-01-21 14:00:00
481,1579611600000,7.166e-05,7.205e-05,6.97e-05,7.034e-05,120972.0,2020-01-21 13:00:00
482,1579608000000,7.16e-05,7.296e-05,7.05e-05,7.164e-05,161236.0,2020-01-21 12:00:00
483,1579604400000,7.124e-05,7.207e-05,7.066e-05,7.16e-05,53131.0,2020-01-21 11:00:00
484,1579600800000,7.179e-05,7.186e-05,7.044e-05,7.09e-05,32538.0,2020-01-21 10:00:00
485,1579597200000,6.974e-05,7.282e-05,6.974e-05,7.191e-05,58414.0,2020-01-21 09:00:00
486,1579593600000,6.987e-05,7.014e-05,6.869e-05,6.973e-05,51346.0,2020-01-21 08:00:00
487,1579590000000,6.998e-05,6.998e-05,6.916e-05,6.949e-05,16105.0,2020-01-21 07:00:00
488,1579586400000,6.96e-05,7.014e-05,6.955e-05,6.998e-05,9686.0,2020-01-21 06:00:00
489,1579582800000,7.092e-05,7.107e-05,6.958e-05,6.959e-05,29412.0,2020-01-21 05:00:00
490,1579579200000,7.017e-05,7.101e-05,6.968e-05,7.092e-05,22659.0,2020-01-21 04:00:00
491,1579575600000,6.988e-05,7.086e-05,6.923e-05,7.019e-05,48921.0,2020-01-21 03:00:00
492,1579572000000,7.043e-05,7.055e-05,6.948e-05,6.988e-05,39014.0,2020-01-21 02:00:00
493,1579568400000,6.935e-05,7.081e-05,6.913e-05,7.013e-05,30971.0,2020-01-21 01:00:00
494,1579564800000,7.083e-05,7.142e-05,6.907e-05,6.935e-05,64949.0,2020-01-21 00:00:00
495,1579561200000,7.223e-05,7.273e-05,7.075e-05,7.087e-05,77726.0,2020-01-20 23:00:00
496,1579557600000,7.187e-05,7.412e-05,7.104e-05,7.189e-05,120530.0,2020-01-20 22:00:00
497,1579554000000,6.937e-05,7.278e-05,6.912e-05,7.218e-05,157370.0,2020-01-20 21:00:00
498,1579550400000,6.91e-05,6.95e-05,6.89e-05,6.94e-05,37942.0,2020-01-20 20:00:00
499,1579546800000,6.87e-05,6.966e-05,6.87e-05,6.91e-05,46831.0,2020-01-20 19:00:00
500,1579543200000,6.845e-05,6.892e-05,6.83e-05,6.871e-05,14928.0,2020-01-20 18:00:00
501,1579539600000,6.848e-05,6.91e-05,6.796e-05,6.849e-05,45896.0,2020-01-20 17:00:00
502,1579536000000,6.969e-05,7.046e-05,6.805e-05,6.852e-05,90592.0,2020-01-20 16:00:00
503,1579532400000,6.875e-05,6.985e-05,6.788e-05,6.935e-05,135792.0,2020-01-20 15:00:00
504,1579528800000,6.561e-05,6.881e-05,6.459e-05,6.875e-05,134210.0,2020-01-20 14:00:00
505,1579525200000,6.451e-05,6.596e-05,6.193e-05,6.569e-05,216493.0,2020-01-20 13:00:00
506,1579521600000,6.614e-05,6.617e-05,6.411e-05,6.493e-05,72793.0,2020-01-20 12:00:00
507,1579518000000,6.586e-05,6.64e-05,6.555e-05,6.614e-05,15300.0,2020-01-20 11:00:00
508,1579514400000,6.598e-05,6.666e-05,6.54e-05,6.548e-05,20796.0,2020-01-20 10:00:00
509,1579510800000,6.677e-05,6.694e-05,6.598e-05,6.598e-05,8863.0,2020-01-20 09:00:00
510,1579507200000,6.706e-05,6.744e-05,6.677e-05,6.708e-05,10401.0,2020-01-20 08:00:00
511,1579503600000,6.746e-05,6.751e-05,6.664e-05,6.667e-05,16098.0,2020-01-20 07:00:00
512,1579500000000,6.694e-05,6.881e-05,6.694e-05,6.745e-05,16005.0,2020-01-20 06:00:00
513,1579496400000,6.74e-05,6.788e-05,6.676e-05,6.688e-05,22047.0,2020-01-20 05:00:00
514,1579492800000,6.788e-05,6.79e-05,6.721e-05,6.74e-05,22567.0,2020-01-20 04:00:00
515,1579489200000,6.773e-05,6.788e-05,6.716e-05,6.788e-05,19019.0,2020-01-20 03:00:00
516,1579485600000,6.788e-05,6.799e-05,6.74e-05,6.776e-05,17686.0,2020-01-20 02:00:00
517,1579482000000,6.878e-05,6.916e-05,6.448e-05,6.788e-05,77341.0,2020-01-20 01:00:00
518,1579478400000,6.843e-05,6.915e-05,6.751e-05,6.876e-05,60142.0,2020-01-20 00:00:00
519,1579474800000,6.755e-05,6.888e-05,6.724e-05,6.843e-05,46943.0,2020-01-19 23:00:00
520,1579471200000,6.752e-05,6.802e-05,6.672e-05,6.802e-05,38453.0,2020-01-19 22:00:00
521,1579467600000,6.591e-05,6.823e-05,6.552e-05,6.747e-05,64434.0,2020-01-19 21:00:00
522,1579464000000,6.573e-05,6.591e-05,6.547e-05,6.591e-05,36612.0,2020-01-19 20:00:00
523,1579460400000,6.614e-05,6.692e-05,6.564e-05,6.573e-05,37654.0,2020-01-19 19:00:00
524,1579456800000,6.724e-05,6.761e-05,6.598e-05,6.607e-05,48161.0,2020-01-19 18:00:00
525,1579453200000,6.75e-05,6.79e-05,6.659e-05,6.752e-05,69674.0,2020-01-19 17:00:00
526,1579449600000,6.802e-05,6.859e-05,6.735e-05,6.75e-05,30420.0,2020-01-19 16:00:00
527,1579446000000,6.753e-05,6.835e-05,6.678e-05,6.802e-05,43575.0,2020-01-19 15:00:00
528,1579442400000,6.69e-05,6.9e-05,6.615e-05,6.752e-05,140864.0,2020-01-19 14:00:00
529,1579438800000,6.88e-05,6.955e-05,6.651e-05,6.713e-05,163030.0,2020-01-19 13:00:00
530,1579435200000,6.892e-05,6.967e-05,6.727e-05,6.884e-05,149536.0,2020-01-19 12:00:00
531,1579431600000,7.019e-05,7.266e-05,6.549e-05,6.89e-05,247334.0,2020-01-19 11:00:00
532,1579428000000,7.072e-05,7.072e-05,6.88e-05,7.019e-05,61286.0,2020-01-19 10:00:00
533,1579424400000,7.046e-05,7.072e-05,6.871e-05,7.072e-05,80255.0,2020-01-19 09:00:00
534,1579420800000,7.134e-05,7.3e-05,6.977e-05,7.03e-05,84515.0,2020-01-19 08:00:00
535,1579417200000,7.059e-05,7.194e-05,7.008e-05,7.134e-05,12358.0,2020-01-19 07:00:00
536,1579413600000,7.11e-05,7.204e-05,7.02e-05,7.02e-05,35337.0,2020-01-19 06:00:00
537,1579410000000,7.028e-05,7.374e-05,7.019e-05,7.102e-05,73102.0,2020-01-19 05:00:00
538,1579406400000,6.978e-05,7.07e-05,6.874e-05,7.021e-05,37325.0,2020-01-19 04:00:00
539,1579402800000,7.158e-05,7.216e-05,6.936e-05,6.959e-05,40869.0,2020-01-19 03:00:00
540,1579399200000,7.152e-05,7.306e-05,7.033e-05,7.159e-05,102531.0,2020-01-19 02:00:00
541,1579395600000,6.899e-05,7.263e-05,6.899e-05,7.111e-05,154095.0,2020-01-19 01:00:00
542,1579392000000,7.127e-05,7.139e-05,6.869e-05,6.899e-05,56415.0,2020-01-19 00:00:00
543,1579388400000,7.095e-05,7.155e-05,7.031e-05,7.127e-05,43819.0,2020-01-18 23:00:00
544,1579384800000,6.951e-05,7.207e-05,6.9e-05,7.111e-05,69131.0,2020-01-18 22:00:00
545,1579381200000,6.959e-05,6.973e-05,6.921e-05,6.951e-05,16889.0,2020-01-18 21:00:00
546,1579377600000,7e-05,7e-05,6.912e-05,6.959e-05,28184.0,2020-01-18 20:00:00
547,1579374000000,7.05e-05,7.146e-05,6.879e-05,6.957e-05,84484.0,2020-01-18 19:00:00
548,1579370400000,7.074e-05,7.16e-05,7.03e-05,7.097e-05,33598.0,2020-01-18 18:00:00
549,1579366800000,7.183e-05,7.207e-05,7.01e-05,7.047e-05,67996.0,2020-01-18 17:00:00
550,1579363200000,7.116e-05,7.273e-05,6.931e-05,7.183e-05,260822.0,2020-01-18 16:00:00
551,1579359600000,7.624e-05,7.792e-05,7.031e-05,7.116e-05,187243.0,2020-01-18 15:00:00
552,1579356000000,7.589e-05,7.729e-05,7.565e-05,7.624e-05,74338.0,2020-01-18 14:00:00
553,1579352400000,7.602e-05,7.625e-05,7.521e-05,7.588e-05,52291.0,2020-01-18 13:00:00
554,1579348800000,7.613e-05,7.668e-05,7.488e-05,7.607e-05,43962.0,2020-01-18 12:00:00
555,1579345200000,7.694e-05,7.694e-05,7.561e-05,7.611e-05,10371.0,2020-01-18 11:00:00
556,1579341600000,7.599e-05,7.736e-05,7.558e-05,7.694e-05,44191.0,2020-01-18 10:00:00
557,1579338000000,7.536e-05,7.664e-05,7.508e-05,7.575e-05,19907.0,2020-01-18 09:00:00
558,1579334400000,7.666e-05,7.702e-05,7.528e-05,7.536e-05,43340.0,2020-01-18 08:00:00
559,1579330800000,7.655e-05,7.749e-05,7.523e-05,7.667e-05,33938.0,2020-01-18 07:00:00
560,1579327200000,7.666e-05,7.724e-05,7.528e-05,7.656e-05,11944.0,2020-01-18 06:00:00
561,1579323600000,7.674e-05,7.744e-05,7.523e-05,7.668e-05,81567.0,2020-01-18 05:00:00
562,1579320000000,7.856e-05,7.88e-05,7.643e-05,7.729e-05,44052.0,2020-01-18 04:00:00
563,1579316400000,7.844e-05,7.936e-05,7.642e-05,7.808e-05,41627.0,2020-01-18 03:00:00
564,1579312800000,7.935e-05,8.031e-05,7.842e-05,7.844e-05,28290.0,2020-01-18 02:00:00
565,1579309200000,7.847e-05,8.076e-05,7.803e-05,7.934e-05,117657.0,2020-01-18 01:00:00
566,1579305600000,7.958e-05,8.024e-05,7.846e-05,7.847e-05,40705.0,2020-01-18 00:00:00
567,1579302000000,7.754e-05,7.959e-05,7.727e-05,7.958e-05,53424.0,2020-01-17 23:00:00
568,1579298400000,7.829e-05,7.858e-05,7.715e-05,7.754e-05,46975.0,2020-01-17 22:00:00
569,1579294800000,7.803e-05,7.895e-05,7.674e-05,7.83e-05,68561.0,2020-01-17 21:00:00
570,1579291200000,7.789e-05,7.956e-05,7.751e-05,7.804e-05,43705.0,2020-01-17 20:00:00
571,1579287600000,7.832e-05,7.931e-05,7.729e-05,7.789e-05,72006.0,2020-01-17 19:00:00
572,1579284000000,8.02e-05,8.067e-05,7.831e-05,7.832e-05,69839.0,2020-01-17 18:00:00
573,1579280400000,8.1e-05,8.265e-05,7.996e-05,8.02e-05,138219.0,2020-01-17 17:00:00
574,1579276800000,7.809e-05,8.1e-05,7.7e-05,8.099e-05,142947.0,2020-01-17 16:00:00
575,1579273200000,7.643e-05,7.845e-05,7.614e-05,7.845e-05,64497.0,2020-01-17 15:00:00
576,1579269600000,7.69e-05,7.852e-05,7.558e-05,7.715e-05,51475.0,2020-01-17 14:00:00
577,1579266000000,7.728e-05,7.749e-05,7.55e-05,7.699e-05,100603.0,2020-01-17 13:00:00
578,1579262400000,7.86e-05,7.948e-05,7.655e-05,7.692e-05,111749.0,2020-01-17 12:00:00
579,1579258800000,7.88e-05,7.905e-05,7.811e-05,7.831e-05,64096.0,2020-01-17 11:00:00
580,1579255200000,7.894e-05,7.979e-05,7.871e-05,7.873e-05,35454.0,2020-01-17 10:00:00
581,1579251600000,7.908e-05,7.995e-05,7.87e-05,7.895e-05,88324.0,2020-01-17 09:00:00
582,1579248000000,8.006e-05,8.006e-05,7.87e-05,7.895e-05,93946.0,2020-01-17 08:00:00
583,1579244400000,8.044e-05,8.13e-05,7.96e-05,8.006e-05,77968.0,2020-01-17 07:00:00
584,1579240800000,8.107e-05,8.338e-05,8e-05,8.06e-05,255193.0,2020-01-17 06:00:00
585,1579237200000,7.876e-05,8.251e-05,7.78e-05,8.107e-05,191636.0,2020-01-17 05:00:00
586,1579233600000,8.004e-05,8.024e-05,7.831e-05,7.88e-05,142383.0,2020-01-17 04:00:00
587,1579230000000,7.866e-05,8.276e-05,7.866e-05,8.026e-05,251375.0,2020-01-17 03:00:00
588,1579226400000,7.903e-05,7.959e-05,7.857e-05,7.866e-05,62188.0,2020-01-17 02:00:00
589,1579222800000,7.672e-05,7.96e-05,7.61e-05,7.903e-05,156383.0,2020-01-17 01:00:00
590,1579219200000,7.84e-05,7.889e-05,7.671e-05,7.671e-05,64014.0,2020-01-17 00:00:00
591,1579215600000,7.99e-05,7.99e-05,7.721e-05,7.84e-05,138750.0,2020-01-16 23:00:00
592,1579212000000,7.94e-05,8.113e-05,7.876e-05,7.995e-05,108889.0,2020-01-16 22:00:00
593,1579208400000,8.072e-05,8.106e-05,7.837e-05,7.94e-05,112414.0,2020-01-16 21:00:00
594,1579204800000,7.972e-05,8.297e-05,7.921e-05,8.072e-05,171663.0,2020-01-16 20:00:00
595,1579201200000,7.883e-05,7.964e-05,7.845e-05,7.964e-05,61269.0,2020-01-16 19:00:00
596,1579197600000,7.934e-05,7.958e-05,7.828e-05,7.881e-05,97996.0,2020-01-16 18:00:00
597,1579194000000,8.074e-05,8.127e-05,7.922e-05,7.922e-05,83420.0,2020-01-16 17:00:00
598,1579190400000,8.034e-05,8.2e-05,7.831e-05,8.075e-05,273158.0,2020-01-16 16:00:00
599,1579186800000,8.211e-05,8.255e-05,8.02e-05,8.046e-05,140375.0,2020-01-16 15:00:00
600,1579183200000,8.267e-05,8.321e-05,7.983e-05,8.211e-05,346351.0,2020-01-16 14:00:00
601,1579179600000,8.513e-05,8.602e-05,8.225e-05,8.267e-05,273453.0,2020-01-16 13:00:00
602,1579176000000,8.394e-05,8.663e-05,8.287e-05,8.514e-05,354175.0,2020-01-16 12:00:00
603,1579172400000,8.281e-05,8.422e-05,8.171e-05,8.41e-05,178006.0,2020-01-16 11:00:00
604,1579168800000,8.32e-05,8.449e-05,8.225e-05,8.28e-05,111469.0,2020-01-16 10:00:00
605,1579165200000,8.364e-05,8.679e-05,8.27e-05,8.362e-05,394624.0,2020-01-16 09:00:00
606,1579161600000,8.18e-05,8.4e-05,8.028e-05,8.376e-05,171052.0,2020-01-16 08:00:00
607,1579158000000,8.339e-05,8.45e-05,8.05e-05,8.18e-05,286652.0,2020-01-16 07:00:00
608,1579154400000,8.338e-05,8.354e-05,7.916e-05,8.34e-05,588646.0,2020-01-16 06:00:00
609,1579150800000,8.89e-05,9.35e-05,7.7e-05,8.353e-05,6481793.0,2020-01-16 05:00:00
610,1579147200000,8.78e-05,9.4e-05,8.033e-05,8.898e-05,4066865.0,2020-01-16 04:00:00
611,1579143600000,8.052e-05,8.999e-05,7.45e-05,8.925e-05,1344000.0,2020-01-16 03:00:00
612,1579140000000,7.956e-05,8.317e-05,7.5e-05,8.066e-05,595233.0,2020-01-16 02:00:00
613,1579136400000,8.572e-05,8.671e-05,7.852e-05,7.948e-05,431761.0,2020-01-16 01:00:00
614,1579132800000,8.483e-05,9.632e-05,7.9e-05,8.627e-05,3916240.0,2020-01-16 00:00:00
615,1579129200000,8.87e-05,9.348e-05,8.333e-05,8.483e-05,858716.0,2020-01-15 23:00:00
616,1579125600000,8.771e-05,9.199e-05,8.423e-05,8.834e-05,949761.0,2020-01-15 22:00:00
617,1579122000000,0.00010473,0.0001089,8.756e-05,8.77e-05,3359847.0,2020-01-15 21:00:00
618,1579118400000,7.842e-05,0.00011619,7.803e-05,0.00010389,4406619.903,2020-01-15 20:00:00
619,1579114800000,8.169e-05,8.268e-05,7.714e-05,7.833e-05,165167.0,2020-01-15 19:00:00
620,1579111200000,7.7e-05,8.65e-05,7.603e-05,8.169e-05,431118.0,2020-01-15 18:00:00
621,1579107600000,8.101e-05,8.144e-05,7.7e-05,7.7e-05,234281.0,2020-01-15 17:00:00
622,1579104000000,7.93e-05,8.415e-05,7.85e-05,8.101e-05,389483.0,2020-01-15 16:00:00
623,1579100400000,7.804e-05,8.83e-05,7.7e-05,7.93e-05,909848.0,2020-01-15 15:00:00
624,1579096800000,8.22e-05,8.3e-05,7.639e-05,7.803e-05,531882.0,2020-01-15 14:00:00
625,1579093200000,8.499e-05,8.499e-05,8.151e-05,8.219e-05,309292.0,2020-01-15 13:00:00
626,1579089600000,8.645e-05,9.233e-05,8.139e-05,8.48e-05,1566814.0,2020-01-15 12:00:00
627,1579086000000,7.705e-05,8.69e-05,7.577e-05,8.645e-05,579999.0,2020-01-15 11:00:00
628,1579082400000,7.629e-05,7.849e-05,7.51e-05,7.714e-05,300047.0,2020-01-15 10:00:00
629,1579078800000,7.288e-05,7.65e-05,7.144e-05,7.629e-05,275808.0,2020-01-15 09:00:00
630,1579075200000,7.512e-05,7.52e-05,7.23e-05,7.314e-05,151605.0,2020-01-15 08:00:00
631,1579071600000,7.333e-05,7.63e-05,7.321e-05,7.481e-05,188249.0,2020-01-15 07:00:00
632,1579068000000,7.271e-05,7.831e-05,7.251e-05,7.315e-05,581881.0,2020-01-15 06:00:00
633,1579064400000,7.238e-05,7.684e-05,6.972e-05,7.26e-05,390580.0,2020-01-15 05:00:00
634,1579060800000,7.282e-05,7.7e-05,6.829e-05,7.266e-05,494349.0,2020-01-15 04:00:00
635,1579057200000,7.248e-05,7.43e-05,6.829e-05,7.284e-05,466412.0,2020-01-15 03:00:00
636,1579053600000,7.235e-05,7.7e-05,7.208e-05,7.208e-05,464291.0,2020-01-15 02:00:00
637,1579050000000,7.248e-05,7.744e-05,6.669e-05,7.265e-05,1337061.0,2020-01-15 01:00:00
638,1579046400000,7.098e-05,9.399e-05,6.985e-05,7.246e-05,3679315.153,2020-01-15 00:00:00
639,1579042800000,5.593e-05,7.409e-05,5.593e-05,7.098e-05,2244211.85,2020-01-14 23:00:00
640,1579039200000,5.441e-05,5.747e-05,5.371e-05,5.592e-05,299277.0,2020-01-14 22:00:00
641,1579035600000,5.216e-05,5.608e-05,5.185e-05,5.424e-05,320649.0,2020-01-14 21:00:00
642,1579032000000,5.204e-05,5.262e-05,5.167e-05,5.216e-05,22221.0,2020-01-14 20:00:00
643,1579028400000,5.152e-05,5.236e-05,5.152e-05,5.203e-05,14989.0,2020-01-14 19:00:00
644,1579024800000,5.217e-05,5.25e-05,5.13e-05,5.13e-05,68397.0,2020-01-14 18:00:00
645,1579021200000,5.176e-05,5.43e-05,5.128e-05,5.242e-05,148718.0,2020-01-14 17:00:00
646,1579017600000,5.363e-05,5.393e-05,5.104e-05,5.176e-05,190076.0,2020-01-14 16:00:00
647,1579014000000,5.379e-05,5.4e-05,5.136e-05,5.363e-05,152020.0,2020-01-14 15:00:00
648,1579010400000,5.3e-05,5.6e-05,5.293e-05,5.375e-05,321037.0,2020-01-14 14:00:00
649,1579006800000,5.205e-05,5.337e-05,5.133e-05,5.297e-05,145418.0,2020-01-14 13:00:00
650,1579003200000,5.076e-05,5.432e-05,4.987e-05,5.192e-05,560142.0,2020-01-14 12:00:00
651,1578999600000,5.081e-05,5.164e-05,5.029e-05,5.077e-05,59772.0,2020-01-14 11:00:00
652,1578996000000,5.097e-05,5.167e-05,5.052e-05,5.081e-05,72700.0,2020-01-14 10:00:00
653,1578992400000,5.151e-05,5.4e-05,5.052e-05,5.069e-05,216246.0,2020-01-14 09:00:00
654,1578988800000,5.155e-05,5.267e-05,5.1e-05,5.156e-05,108375.0,2020-01-14 08:00:00
655,1578985200000,5.015e-05,5.526e-05,4.98e-05,5.17e-05,537814.0,2020-01-14 07:00:00
656,1578981600000,4.949e-05,5.2e-05,4.941e-05,5.015e-05,190176.0,2020-01-14 06:00:00
657,1578978000000,4.955e-05,5.059e-05,4.902e-05,4.948e-05,122407.0,2020-01-14 05:00:00
658,1578974400000,4.858e-05,5.1e-05,4.819e-05,4.978e-05,272983.0,2020-01-14 04:00:00
659,1578970800000,4.901e-05,4.982e-05,4.829e-05,4.854e-05,86181.0,2020-01-14 03:00:00
660,1578967200000,4.919e-05,4.939e-05,4.84e-05,4.901e-05,79752.0,2020-01-14 02:00:00
661,1578963600000,4.771e-05,4.964e-05,4.748e-05,4.954e-05,159501.0,2020-01-14 01:00:00
662,1578960000000,4.714e-05,4.877e-05,4.714e-05,4.799e-05,93620.0,2020-01-14 00:00:00
663,1578956400000,4.723e-05,4.746e-05,4.711e-05,4.745e-05,13518.0,2020-01-13 23:00:00
664,1578952800000,4.713e-05,4.749e-05,4.709e-05,4.743e-05,8418.0,2020-01-13 22:00:00
665,1578949200000,4.758e-05,4.843e-05,4.709e-05,4.713e-05,130452.0,2020-01-13 21:00:00
666,1578945600000,4.727e-05,4.759e-05,4.702e-05,4.734e-05,39439.0,2020-01-13 20:00:00
667,1578942000000,4.639e-05,4.732e-05,4.639e-05,4.701e-05,20993.0,2020-01-13 19:00:00
668,1578938400000,4.672e-05,4.694e-05,4.639e-05,4.639e-05,11037.0,2020-01-13 18:00:00
669,1578934800000,4.634e-05,4.714e-05,4.622e-05,4.68e-05,14397.0,2020-01-13 17:00:00
670,1578931200000,4.649e-05,4.661e-05,4.615e-05,4.634e-05,6683.0,2020-01-13 16:00:00
671,1578927600000,4.644e-05,4.66e-05,4.625e-05,4.649e-05,7127.0,2020-01-13 15:00:00
672,1578924000000,4.699e-05,4.709e-05,4.643e-05,4.645e-05,14782.0,2020-01-13 14:00:00
673,1578920400000,4.745e-05,4.764e-05,4.681e-05,4.7e-05,9898.0,2020-01-13 13:00:00
674,1578916800000,4.725e-05,4.797e-05,4.721e-05,4.745e-05,28324.0,2020-01-13 12:00:00
675,1578913200000,4.684e-05,4.739e-05,4.684e-05,4.725e-05,14985.0,2020-01-13 11:00:00
676,1578909600000,4.663e-05,4.722e-05,4.663e-05,4.69e-05,11142.0,2020-01-13 10:00:00
677,1578906000000,4.764e-05,4.799e-05,4.64e-05,4.681e-05,60219.0,2020-01-13 09:00:00
678,1578902400000,4.652e-05,4.797e-05,4.652e-05,4.746e-05,76505.0,2020-01-13 08:00:00
679,1578898800000,4.575e-05,4.699e-05,4.573e-05,4.651e-05,43686.0,2020-01-13 07:00:00
680,1578895200000,4.571e-05,4.6e-05,4.561e-05,4.599e-05,9508.0,2020-01-13 06:00:00
681,1578891600000,4.551e-05,4.6e-05,4.551e-05,4.569e-05,18980.0,2020-01-13 05:00:00
682,1578888000000,4.547e-05,4.58e-05,4.547e-05,4.579e-05,8604.0,2020-01-13 04:00:00
683,1578884400000,4.565e-05,4.589e-05,4.539e-05,4.547e-05,23497.0,2020-01-13 03:00:00
684,1578880800000,4.559e-05,4.596e-05,4.547e-05,4.547e-05,6747.0,2020-01-13 02:00:00
685,1578877200000,4.571e-05,4.58e-05,4.543e-05,4.569e-05,4986.0,2020-01-13 01:00:00
686,1578873600000,4.578e-05,4.612e-05,4.534e-05,4.576e-05,14801.0,2020-01-13 00:00:00
687,1578870000000,4.547e-05,4.601e-05,4.547e-05,4.583e-05,1405.0,2020-01-12 23:00:00
688,1578866400000,4.573e-05,4.612e-05,4.544e-05,4.556e-05,6246.0,2020-01-12 22:00:00
689,1578862800000,4.563e-05,4.605e-05,4.548e-05,4.573e-05,15067.0,2020-01-12 21:00:00
690,1578859200000,4.536e-05,4.575e-05,4.527e-05,4.564e-05,7282.0,2020-01-12 20:00:00
691,1578855600000,4.548e-05,4.568e-05,4.543e-05,4.543e-05,1023.0,2020-01-12 19:00:00
692,1578852000000,4.553e-05,4.586e-05,4.548e-05,4.551e-05,2653.0,2020-01-12 18:00:00
693,1578848400000,4.56e-05,4.59e-05,4.549e-05,4.585e-05,7318.0,2020-01-12 17:00:00
694,1578844800000,4.544e-05,4.591e-05,4.518e-05,4.551e-05,7868.0,2020-01-12 16:00:00
695,1578841200000,4.544e-05,4.566e-05,4.517e-05,4.544e-05,8639.0,2020-01-12 15:00:00
696,1578837600000,4.523e-05,4.552e-05,4.498e-05,4.544e-05,26212.0,2020-01-12 14:00:00
697,1578834000000,4.542e-05,4.554e-05,4.479e-05,4.508e-05,59523.0,2020-01-12 13:00:00
698,1578830400000,4.565e-05,4.583e-05,4.525e-05,4.55e-05,13720.0,2020-01-12 12:00:00
699,1578826800000,4.578e-05,4.578e-05,4.524e-05,4.566e-05,15155.0,2020-01-12 11:00:00
700,1578823200000,4.607e-05,4.637e-05,4.528e-05,4.589e-05,22062.0,2020-01-12 10:00:00
701,1578819600000,4.614e-05,4.64e-05,4.59e-05,4.607e-05,19580.0,2020-01-12 09:00:00
702,1578816000000,4.579e-05,4.636e-05,4.574e-05,4.598e-05,12700.0,2020-01-12 08:00:00
703,1578812400000,4.579e-05,4.606e-05,4.568e-05,4.579e-05,18771.0,2020-01-12 07:00:00
704,1578808800000,4.533e-05,4.586e-05,4.517e-05,4.585e-05,10549.0,2020-01-12 06:00:00
705,1578805200000,4.529e-05,4.54e-05,4.5e-05,4.54e-05,18562.0,2020-01-12 05:00:00
706,1578801600000,4.53e-05,4.535e-05,4.506e-05,4.528e-05,9168.0,2020-01-12 04:00:00
707,1578798000000,4.553e-05,4.558e-05,4.516e-05,4.535e-05,8612.0,2020-01-12 03:00:00
708,1578794400000,4.559e-05,4.587e-05,4.505e-05,4.562e-05,42976.0,2020-01-12 02:00:00
709,1578790800000,4.569e-05,4.583e-05,4.506e-05,4.558e-05,46369.0,2020-01-12 01:00:00
710,1578787200000,4.639e-05,4.685e-05,4.548e-05,4.585e-05,21711.0,2020-01-12 00:00:00
711,1578783600000,4.701e-05,4.702e-05,4.63e-05,4.662e-05,14721.0,2020-01-11 23:00:00
712,1578780000000,4.668e-05,4.723e-05,4.578e-05,4.7e-05,17240.0,2020-01-11 22:00:00
713,1578776400000,4.637e-05,4.699e-05,4.571e-05,4.69e-05,43028.0,2020-01-11 21:00:00
714,1578772800000,4.627e-05,4.655e-05,4.604e-05,4.615e-05,14060.0,2020-01-11 20:00:00
715,1578769200000,4.637e-05,4.663e-05,4.601e-05,4.625e-05,10320.0,2020-01-11 19:00:00
716,1578765600000,4.607e-05,4.659e-05,4.607e-05,4.637e-05,8058.0,2020-01-11 18:00:00
717,1578762000000,4.643e-05,4.658e-05,4.6e-05,4.64e-05,18195.0,2020-01-11 17:00:00
718,1578758400000,4.624e-05,4.652e-05,4.615e-05,4.615e-05,10553.0,2020-01-11 16:00:00
719,1578754800000,4.641e-05,4.666e-05,4.612e-05,4.644e-05,31749.0,2020-01-11 15:00:00
720,1578751200000,4.661e-05,4.679e-05,4.601e-05,4.665e-05,21599.0,2020-01-11 14:00:00
721,1578747600000,4.663e-05,4.687e-05,4.62e-05,4.658e-05,28008.0,2020-01-11 13:00:00
722,1578744000000,4.682e-05,4.703e-05,4.65e-05,4.652e-05,49759.0,2020-01-11 12:00:00
723,1578740400000,4.744e-05,4.744e-05,4.62e-05,4.67e-05,37953.0,2020-01-11 11:00:00
724,1578736800000,4.826e-05,4.849e-05,4.703e-05,4.745e-05,103389.0,2020-01-11 10:00:00
725,1578733200000,4.821e-05,4.891e-05,4.788e-05,4.84e-05,73308.0,2020-01-11 09:00:00
726,1578729600000,4.8e-05,4.896e-05,4.753e-05,4.8e-05,106682.0,2020-01-11 08:00:00
727,1578726000000,4.809e-05,4.814e-05,4.767e-05,4.8e-05,17172.0,2020-01-11 07:00:00
728,1578722400000,4.837e-05,4.868e-05,4.779e-05,4.809e-05,39040.0,2020-01-11 06:00:00
729,1578718800000,4.763e-05,4.901e-05,4.713e-05,4.837e-05,192475.0,2020-01-11 05:00:00
730,1578715200000,4.72e-05,4.857e-05,4.685e-05,4.773e-05,115811.0,2020-01-11 04:00:00
731,1578711600000,4.7e-05,4.729e-05,4.64e-05,4.691e-05,46904.0,2020-01-11 03:00:00
732,1578708000000,4.812e-05,4.857e-05,4.696e-05,4.7e-05,107048.0,2020-01-11 02:00:00
733,1578704400000,4.681e-05,5.049e-05,4.655e-05,4.811e-05,398426.0,2020-01-11 01:00:00
734,1578700800000,4.667e-05,4.711e-05,4.59e-05,4.692e-05,90565.0,2020-01-11 00:00:00
735,1578697200000,4.447e-05,4.685e-05,4.447e-05,4.667e-05,108805.0,2020-01-10 23:00:00
736,1578693600000,4.48e-05,4.517e-05,4.437e-05,4.478e-05,30185.0,2020-01-10 22:00:00
737,1578690000000,4.513e-05,4.543e-05,4.472e-05,4.497e-05,12265.0,2020-01-10 21:00:00
738,1578686400000,4.548e-05,4.549e-05,4.505e-05,4.538e-05,10546.0,2020-01-10 20:00:00
739,1578682800000,4.522e-05,4.569e-05,4.482e-05,4.549e-05,52717.0,2020-01-10 19:00:00
740,1578679200000,4.558e-05,4.569e-05,4.475e-05,4.495e-05,35153.0,2020-01-10 18:00:00
741,1578675600000,4.577e-05,4.617e-05,4.54e-05,4.558e-05,37667.0,2020-01-10 17:00:00
742,1578672000000,4.572e-05,4.684e-05,4.518e-05,4.572e-05,144409.0,2020-01-10 16:00:00
743,1578668400000,4.599e-05,4.61e-05,4.499e-05,4.577e-05,66644.0,2020-01-10 15:00:00
744,1578664800000,4.604e-05,4.641e-05,4.472e-05,4.618e-05,127585.0,2020-01-10 14:00:00
745,1578661200000,4.667e-05,4.667e-05,4.527e-05,4.608e-05,73388.0,2020-01-10 13:00:00
746,1578657600000,4.536e-05,4.69e-05,4.49e-05,4.643e-05,134814.0,2020-01-10 12:00:00
747,1578654000000,4.461e-05,4.587e-05,4.407e-05,4.523e-05,140117.0,2020-01-10 11:00:00
748,1578650400000,4.414e-05,4.514e-05,4.4e-05,4.461e-05,74071.0,2020-01-10 10:00:00
749,1578646800000,4.43e-05,4.43e-05,4.38e-05,4.413e-05,36345.0,2020-01-10 09:00:00
750,1578643200000,4.423e-05,4.453e-05,4.423e-05,4.427e-05,9962.0,2020-01-10 08:00:00
751,1578639600000,4.457e-05,4.486e-05,4.404e-05,4.418e-05,30699.0,2020-01-10 07:00:00
752,1578636000000,4.399e-05,4.455e-05,4.362e-05,4.455e-05,38876.0,2020-01-10 06:00:00
753,1578632400000,4.399e-05,4.432e-05,4.371e-05,4.4e-05,60525.0,2020-01-10 05:00:00
754,1578628800000,4.413e-05,4.433e-05,4.387e-05,4.412e-05,6863.0,2020-01-10 04:00:00
755,1578625200000,4.406e-05,4.442e-05,4.373e-05,4.442e-05,41217.0,2020-01-10 03:00:00
756,1578621600000,4.479e-05,4.49e-05,4.374e-05,4.375e-05,98055.0,2020-01-10 02:00:00
757,1578618000000,4.449e-05,4.489e-05,4.449e-05,4.48e-05,21920.0,2020-01-10 01:00:00
758,1578614400000,4.491e-05,4.491e-05,4.436e-05,4.455e-05,41793.0,2020-01-10 00:00:00
759,1578610800000,4.474e-05,4.516e-05,4.466e-05,4.491e-05,41187.0,2020-01-09 23:00:00
760,1578607200000,4.544e-05,4.557e-05,4.467e-05,4.478e-05,71108.0,2020-01-09 22:00:00
761,1578603600000,4.553e-05,4.553e-05,4.492e-05,4.544e-05,80907.0,2020-01-09 21:00:00
762,1578600000000,4.517e-05,4.554e-05,4.444e-05,4.553e-05,120342.0,2020-01-09 20:00:00
763,1578596400000,4.53e-05,4.553e-05,4.515e-05,4.515e-05,52618.0,2020-01-09 19:00:00
764,1578592800000,4.518e-05,4.545e-05,4.515e-05,4.545e-05,20678.0,2020-01-09 18:00:00
765,1578589200000,4.518e-05,4.539e-05,4.498e-05,4.523e-05,55539.0,2020-01-09 17:00:00
766,1578585600000,4.521e-05,4.538e-05,4.502e-05,4.517e-05,32218.0,2020-01-09 16:00:00
767,1578582000000,4.514e-05,4.55e-05,4.495e-05,4.519e-05,49339.0,2020-01-09 15:00:00
768,1578578400000,4.514e-05,4.538e-05,4.513e-05,4.533e-05,19609.0,2020-01-09 14:00:00
769,1578574800000,4.531e-05,4.546e-05,4.481e-05,4.535e-05,68749.0,2020-01-09 13:00:00
770,1578571200000,4.503e-05,4.55e-05,4.464e-05,4.529e-05,113285.0,2020-01-09 12:00:00
771,1578567600000,4.63e-05,4.662e-05,4.478e-05,4.49e-05,226926.0,2020-01-09 11:00:00
772,1578564000000,4.69e-05,4.691e-05,4.59e-05,4.662e-05,114524.0,2020-01-09 10:00:00
773,1578560400000,4.698e-05,4.755e-05,4.529e-05,4.69e-05,258284.0,2020-01-09 09:00:00
774,1578556800000,4.688e-05,4.785e-05,4.585e-05,4.724e-05,185316.0,2020-01-09 08:00:00
775,1578553200000,4.586e-05,4.713e-05,4.534e-05,4.688e-05,140874.0,2020-01-09 07:00:00
776,1578549600000,4.661e-05,4.699e-05,4.506e-05,4.586e-05,263664.0,2020-01-09 06:00:00
777,1578546000000,4.684e-05,4.709e-05,4.6e-05,4.648e-05,143388.0,2020-01-09 05:00:00
778,1578542400000,4.718e-05,4.836e-05,4.629e-05,4.684e-05,226936.0,2020-01-09 04:00:00
779,1578538800000,4.943e-05,4.943e-05,4.582e-05,4.689e-05,676941.0,2020-01-09 03:00:00
780,1578535200000,5.167e-05,5.212e-05,4.898e-05,4.917e-05,241081.0,2020-01-09 02:00:00
781,1578531600000,4.92e-05,5.241e-05,4.852e-05,5.173e-05,363377.0,2020-01-09 01:00:00
782,1578528000000,4.83e-05,4.95e-05,4.755e-05,4.906e-05,168904.0,2020-01-09 00:00:00
783,1578524400000,4.973e-05,5.08e-05,4.788e-05,4.821e-05,201153.0,2020-01-08 23:00:00
784,1578520800000,4.726e-05,4.975e-05,4.712e-05,4.973e-05,157918.0,2020-01-08 22:00:00
785,1578517200000,4.764e-05,4.81e-05,4.656e-05,4.717e-05,180644.0,2020-01-08 21:00:00
786,1578513600000,4.925e-05,4.926e-05,4.75e-05,4.756e-05,105306.0,2020-01-08 20:00:00
787,1578510000000,4.85e-05,4.96e-05,4.815e-05,4.925e-05,124375.0,2020-01-08 19:00:00
788,1578506400000,4.989e-05,5e-05,4.774e-05,4.85e-05,176291.0,2020-01-08 18:00:00
789,1578502800000,4.857e-05,5.065e-05,4.764e-05,4.99e-05,397529.0,2020-01-08 17:00:00
790,1578499200000,5.027e-05,5.326e-05,4.715e-05,4.855e-05,966759.0,2020-01-08 16:00:00
791,1578495600000,4.956e-05,5.041e-05,4.905e-05,5.038e-05,170833.0,2020-01-08 15:00:00
792,1578492000000,4.925e-05,5.178e-05,4.878e-05,4.956e-05,435453.0,2020-01-08 14:00:00
793,1578488400000,5.625e-05,5.739e-05,4.797e-05,4.944e-05,1140222.0,2020-01-08 13:00:00
794,1578484800000,4.528e-05,5.774e-05,4.49e-05,5.591e-05,1637851.0,2020-01-08 12:00:00
795,1578481200000,4.062e-05,4.528e-05,4.057e-05,4.528e-05,254833.0,2020-01-08 11:00:00
796,1578477600000,4.112e-05,4.125e-05,4.056e-05,4.065e-05,19493.0,2020-01-08 10:00:00
797,1578474000000,4.065e-05,4.115e-05,4.056e-05,4.111e-05,7613.0,2020-01-08 09:00:00
798,1578470400000,4.033e-05,4.099e-05,4.028e-05,4.099e-05,8302.0,2020-01-08 08:00:00
799,1578466800000,4.074e-05,4.095e-05,3.992e-05,4.04e-05,78936.0,2020-01-08 07:00:00
800,1578463200000,4.07e-05,4.105e-05,4.063e-05,4.092e-05,6971.0,2020-01-08 06:00:00
801,1578459600000,4.067e-05,4.112e-05,4.043e-05,4.069e-05,13746.0,2020-01-08 05:00:00
802,1578456000000,4.006e-05,4.116e-05,3.987e-05,4.064e-05,58730.0,2020-01-08 04:00:00
803,1578452400000,4.067e-05,4.067e-05,3.959e-05,4.005e-05,58557.0,2020-01-08 03:00:00
804,1578448800000,3.967e-05,4.077e-05,3.966e-05,4.036e-05,20544.0,2020-01-08 02:00:00
805,1578445200000,3.962e-05,3.98e-05,3.943e-05,3.947e-05,9793.0,2020-01-08 01:00:00
806,1578441600000,4.095e-05,4.101e-05,3.953e-05,3.961e-05,24443.0,2020-01-08 00:00:00
807,1578438000000,4.146e-05,4.248e-05,4.09e-05,4.153e-05,17178.0,2020-01-07 23:00:00
808,1578434400000,4.129e-05,4.214e-05,4.107e-05,4.141e-05,19275.0,2020-01-07 22:00:00
809,1578430800000,4.005e-05,4.237e-05,3.994e-05,4.107e-05,79007.0,2020-01-07 21:00:00
810,1578427200000,4.03e-05,4.036e-05,4.005e-05,4.005e-05,5605.0,2020-01-07 20:00:00
811,1578423600000,4.058e-05,4.058e-05,4.019e-05,4.022e-05,1809.0,2020-01-07 19:00:00
812,1578420000000,4.128e-05,4.151e-05,4.043e-05,4.058e-05,17715.0,2020-01-07 18:00:00
813,1578416400000,4.173e-05,4.173e-05,4.125e-05,4.152e-05,4800.0,2020-01-07 17:00:00
814,1578412800000,4.168e-05,4.181e-05,4.145e-05,4.173e-05,4862.0,2020-01-07 16:00:00
815,1578409200000,4.177e-05,4.224e-05,4.146e-05,4.186e-05,4003.0,2020-01-07 15:00:00
816,1578405600000,4.214e-05,4.233e-05,4.175e-05,4.175e-05,9317.0,2020-01-07 14:00:00
817,1578402000000,4.176e-05,4.239e-05,4.14e-05,4.211e-05,29720.0,2020-01-07 13:00:00
818,1578398400000,4.178e-05,4.194e-05,4.146e-05,4.178e-05,5721.0,2020-01-07 12:00:00
819,1578394800000,4.233e-05,4.235e-05,4.155e-05,4.182e-05,8674.0,2020-01-07 11:00:00
820,1578391200000,4.205e-05,4.235e-05,4.199e-05,4.23e-05,3760.0,2020-01-07 10:00:00
821,1578387600000,4.215e-05,4.235e-05,4.196e-05,4.201e-05,4021.0,2020-01-07 09:00:00
822,1578384000000,4.213e-05,4.23e-05,4.182e-05,4.215e-05,9448.0,2020-01-07 08:00:00
823,1578380400000,4.23e-05,4.23e-05,4.19e-05,4.214e-05,2118.0,2020-01-07 07:00:00
824,1578376800000,4.2e-05,4.25e-05,4.19e-05,4.235e-05,3351.0,2020-01-07 06:00:00
825,1578373200000,4.201e-05,4.236e-05,4.182e-05,4.191e-05,8555.0,2020-01-07 05:00:00
826,1578369600000,4.258e-05,4.258e-05,4.201e-05,4.201e-05,3895.0,2020-01-07 04:00:00
827,1578366000000,4.246e-05,4.303e-05,4.212e-05,4.258e-05,15896.0,2020-01-07 03:00:00
828,1578362400000,4.207e-05,4.246e-05,4.18e-05,4.246e-05,11481.0,2020-01-07 02:00:00
829,1578358800000,4.216e-05,4.241e-05,4.188e-05,4.205e-05,19505.0,2020-01-07 01:00:00
830,1578355200000,4.285e-05,4.34e-05,4.163e-05,4.216e-05,16677.0,2020-01-07 00:00:00
831,1578351600000,4.287e-05,4.297e-05,4.258e-05,4.261e-05,11487.0,2020-01-06 23:00:00
832,1578348000000,4.287e-05,4.319e-05,4.256e-05,4.275e-05,15186.0,2020-01-06 22:00:00
833,1578344400000,4.337e-05,4.337e-05,4.287e-05,4.323e-05,4668.0,2020-01-06 21:00:00
834,1578340800000,4.317e-05,4.341e-05,4.317e-05,4.341e-05,1272.0,2020-01-06 20:00:00
835,1578337200000,4.34e-05,4.357e-05,4.315e-05,4.315e-05,7155.0,2020-01-06 19:00:00
836,1578333600000,4.31e-05,4.355e-05,4.31e-05,4.34e-05,2998.0,2020-01-06 18:00:00
837,1578330000000,4.289e-05,4.325e-05,4.287e-05,4.299e-05,7564.0,2020-01-06 17:00:00
838,1578326400000,4.271e-05,4.312e-05,4.268e-05,4.31e-05,5500.0,2020-01-06 16:00:00
839,1578322800000,4.275e-05,4.286e-05,4.258e-05,4.258e-05,5010.0,2020-01-06 15:00:00
840,1578319200000,4.298e-05,4.3e-05,4.27e-05,4.273e-05,6607.0,2020-01-06 14:00:00
841,1578315600000,4.288e-05,4.308e-05,4.281e-05,4.281e-05,5091.0,2020-01-06 13:00:00
842,1578312000000,4.302e-05,4.323e-05,4.281e-05,4.311e-05,6423.0,2020-01-06 12:00:00
843,1578308400000,4.319e-05,4.322e-05,4.285e-05,4.321e-05,8147.0,2020-01-06 11:00:00
844,1578304800000,4.341e-05,4.362e-05,4.281e-05,4.322e-05,29567.0,2020-01-06 10:00:00
845,1578301200000,4.303e-05,4.353e-05,4.269e-05,4.353e-05,25201.0,2020-01-06 09:00:00
846,1578297600000,4.282e-05,4.303e-05,4.26e-05,4.303e-05,5612.0,2020-01-06 08:00:00
847,1578294000000,4.28e-05,4.3e-05,4.25e-05,4.299e-05,10941.0,2020-01-06 07:00:00
848,1578290400000,4.308e-05,4.308e-05,4.253e-05,4.255e-05,11992.0,2020-01-06 06:00:00
849,1578286800000,4.281e-05,4.32e-05,4.281e-05,4.284e-05,3422.0,2020-01-06 05:00:00
850,1578283200000,4.283e-05,4.313e-05,4.278e-05,4.278e-05,7292.0,2020-01-06 04:00:00
851,1578279600000,4.232e-05,4.283e-05,4.232e-05,4.255e-05,6204.0,2020-01-06 03:00:00
852,1578276000000,4.28e-05,4.288e-05,4.246e-05,4.259e-05,6371.0,2020-01-06 02:00:00
853,1578272400000,4.302e-05,4.303e-05,4.294e-05,4.294e-05,1113.0,2020-01-06 01:00:00
854,1578268800000,4.305e-05,4.307e-05,4.27e-05,4.277e-05,6843.0,2020-01-06 00:00:00
855,1578265200000,4.308e-05,4.314e-05,4.281e-05,4.281e-05,2930.0,2020-01-05 23:00:00
856,1578261600000,4.327e-05,4.334e-05,4.307e-05,4.307e-05,636.0,2020-01-05 22:00:00
857,1578258000000,4.322e-05,4.381e-05,4.322e-05,4.329e-05,10875.0,2020-01-05 21:00:00
858,1578254400000,4.32e-05,4.329e-05,4.319e-05,4.322e-05,3958.0,2020-01-05 20:00:00
859,1578250800000,4.325e-05,4.348e-05,4.319e-05,4.329e-05,13829.0,2020-01-05 19:00:00
860,1578247200000,4.272e-05,4.338e-05,4.254e-05,4.327e-05,21790.0,2020-01-05 18:00:00
861,1578243600000,4.282e-05,4.301e-05,4.24e-05,4.287e-05,24180.0,2020-01-05 17:00:00
862,1578240000000,4.254e-05,4.28e-05,4.234e-05,4.28e-05,8905.0,2020-01-05 16:00:00
863,1578236400000,4.206e-05,4.28e-05,4.206e-05,4.254e-05,23275.0,2020-01-05 15:00:00
864,1578232800000,4.213e-05,4.242e-05,4.195e-05,4.196e-05,3559.0,2020-01-05 14:00:00
865,1578229200000,4.211e-05,4.246e-05,4.207e-05,4.246e-05,759.0,2020-01-05 13:00:00
866,1578225600000,4.184e-05,4.253e-05,4.182e-05,4.223e-05,34152.0,2020-01-05 12:00:00
867,1578222000000,4.183e-05,4.212e-05,4.183e-05,4.184e-05,935.0,2020-01-05 11:00:00
868,1578218400000,4.216e-05,4.216e-05,4.182e-05,4.19e-05,5530.0,2020-01-05 10:00:00
869,1578214800000,4.203e-05,4.22e-05,4.194e-05,4.198e-05,13513.0,2020-01-05 09:00:00
870,1578211200000,4.199e-05,4.227e-05,4.185e-05,4.221e-05,5620.0,2020-01-05 08:00:00
871,1578207600000,4.225e-05,4.225e-05,4.202e-05,4.209e-05,1634.0,2020-01-05 07:00:00
872,1578204000000,4.219e-05,4.258e-05,4.207e-05,4.211e-05,5724.0,2020-01-05 06:00:00
873,1578200400000,4.229e-05,4.242e-05,4.2e-05,4.219e-05,8248.0,2020-01-05 05:00:00
874,1578196800000,4.246e-05,4.247e-05,4.208e-05,4.245e-05,260.0,2020-01-05 04:00:00
875,1578193200000,4.242e-05,4.249e-05,4.238e-05,4.249e-05,226.0,2020-01-05 03:00:00
876,1578189600000,4.244e-05,4.252e-05,4.221e-05,4.235e-05,9247.0,2020-01-05 02:00:00
877,1578186000000,4.25e-05,4.256e-05,4.201e-05,4.211e-05,11732.0,2020-01-05 01:00:00
878,1578182400000,4.283e-05,4.289e-05,4.202e-05,4.254e-05,19316.0,2020-01-05 00:00:00
879,1578178800000,4.295e-05,4.319e-05,4.266e-05,4.283e-05,16400.0,2020-01-04 23:00:00
880,1578175200000,4.239e-05,4.293e-05,4.234e-05,4.293e-05,9830.0,2020-01-04 22:00:00
881,1578171600000,4.247e-05,4.247e-05,4.247e-05,4.247e-05,8.0,2020-01-04 21:00:00
882,1578168000000,4.223e-05,4.25e-05,4.212e-05,4.221e-05,12678.0,2020-01-04 20:00:00
883,1578164400000,4.231e-05,4.245e-05,4.23e-05,4.23e-05,2200.0,2020-01-04 19:00:00
884,1578160800000,4.219e-05,4.266e-05,4.219e-05,4.266e-05,7547.0,2020-01-04 18:00:00
885,1578157200000,4.249e-05,4.25e-05,4.22e-05,4.239e-05,11550.0,2020-01-04 17:00:00
886,1578153600000,4.252e-05,4.271e-05,4.234e-05,4.236e-05,2604.0,2020-01-04 16:00:00
887,1578150000000,4.289e-05,4.289e-05,4.247e-05,4.251e-05,4214.0,2020-01-04 15:00:00
888,1578146400000,4.303e-05,4.305e-05,4.194e-05,4.289e-05,93528.0,2020-01-04 14:00:00
889,1578142800000,4.347e-05,4.361e-05,4.286e-05,4.303e-05,7213.0,2020-01-04 13:00:00
890,1578139200000,4.221e-05,4.41e-05,4.22e-05,4.348e-05,102612.0,2020-01-04 12:00:00
891,1578135600000,4.243e-05,4.25e-05,4.215e-05,4.25e-05,5162.0,2020-01-04 11:00:00
892,1578132000000,4.227e-05,4.258e-05,4.197e-05,4.226e-05,9291.0,2020-01-04 10:00:00
893,1578128400000,4.256e-05,4.26e-05,4.223e-05,4.226e-05,7708.0,2020-01-04 09:00:00
894,1578124800000,4.223e-05,4.256e-05,4.223e-05,4.256e-05,503.0,2020-01-04 08:00:00
895,1578121200000,4.221e-05,4.257e-05,4.198e-05,4.219e-05,18281.0,2020-01-04 07:00:00
896,1578117600000,4.205e-05,4.221e-05,4.167e-05,4.221e-05,14205.0,2020-01-04 06:00:00
897,1578114000000,4.2e-05,4.236e-05,4.196e-05,4.205e-05,5049.0,2020-01-04 05:00:00
898,1578110400000,4.202e-05,4.202e-05,4.172e-05,4.2e-05,3877.0,2020-01-04 04:00:00
899,1578106800000,4.178e-05,4.236e-05,4.178e-05,4.203e-05,5286.0,2020-01-04 03:00:00
900,1578103200000,4.202e-05,4.21e-05,4.175e-05,4.204e-05,4704.0,2020-01-04 02:00:00
901,1578099600000,4.204e-05,4.205e-05,4.169e-05,4.204e-05,2516.0,2020-01-04 01:00:00
902,1578096000000,4.222e-05,4.235e-05,4.161e-05,4.204e-05,24198.0,2020-01-04 00:00:00
903,1578092400000,4.193e-05,4.225e-05,4.193e-05,4.223e-05,3425.0,2020-01-03 23:00:00
904,1578088800000,4.214e-05,4.239e-05,4.2e-05,4.225e-05,8367.0,2020-01-03 22:00:00
905,1578085200000,4.203e-05,4.214e-05,4.181e-05,4.214e-05,9601.0,2020-01-03 21:00:00
906,1578081600000,4.2e-05,4.215e-05,4.18e-05,4.19e-05,13975.0,2020-01-03 20:00:00
907,1578078000000,4.181e-05,4.216e-05,4.174e-05,4.193e-05,1775.0,2020-01-03 19:00:00
908,1578074400000,4.173e-05,4.209e-05,4.158e-05,4.209e-05,8767.0,2020-01-03 18:00:00
909,1578070800000,4.166e-05,4.183e-05,4.165e-05,4.176e-05,12297.0,2020-01-03 17:00:00
910,1578067200000,4.219e-05,4.236e-05,4.128e-05,4.155e-05,19877.0,2020-01-03 16:00:00
911,1578063600000,4.217e-05,4.245e-05,4.215e-05,4.225e-05,8146.0,2020-01-03 15:00:00
912,1578060000000,4.225e-05,4.26e-05,4.207e-05,4.246e-05,27536.0,2020-01-03 14:00:00
913,1578056400000,4.256e-05,4.256e-05,4.191e-05,4.225e-05,26240.0,2020-01-03 13:00:00
914,1578052800000,4.256e-05,4.26e-05,4.237e-05,4.259e-05,8615.0,2020-01-03 12:00:00
915,1578049200000,4.232e-05,4.256e-05,4.222e-05,4.256e-05,18389.0,2020-01-03 11:00:00
916,1578045600000,4.264e-05,4.306e-05,4.223e-05,4.225e-05,21389.0,2020-01-03 10:00:00
917,1578042000000,4.252e-05,4.319e-05,4.237e-05,4.251e-05,13026.0,2020-01-03 09:00:00
918,1578038400000,4.235e-05,4.252e-05,4.196e-05,4.252e-05,14027.0,2020-01-03 08:00:00
919,1578034800000,4.212e-05,4.256e-05,4.212e-05,4.24e-05,11905.0,2020-01-03 07:00:00
920,1578031200000,4.24e-05,4.24e-05,4.204e-05,4.229e-05,7280.0,2020-01-03 06:00:00
921,1578027600000,4.24e-05,4.24e-05,4.201e-05,4.214e-05,9091.0,2020-01-03 05:00:00
922,1578024000000,4.301e-05,4.301e-05,4.2e-05,4.206e-05,32555.0,2020-01-03 04:00:00
923,1578020400000,4.312e-05,4.323e-05,4.301e-05,4.301e-05,1889.0,2020-01-03 03:00:00
924,1578016800000,4.323e-05,4.344e-05,4.288e-05,4.312e-05,14144.0,2020-01-03 02:00:00
925,1578013200000,4.4e-05,4.421e-05,4.308e-05,4.319e-05,29728.0,2020-01-03 01:00:00
926,1578009600000,4.389e-05,4.421e-05,4.38e-05,4.395e-05,1877.0,2020-01-03 00:00:00
927,1578006000000,4.38e-05,4.387e-05,4.356e-05,4.387e-05,1041.0,2020-01-02 23:00:00
928,1578002400000,4.371e-05,4.386e-05,4.357e-05,4.386e-05,1378.0,2020-01-02 22:00:00
929,1577998800000,4.399e-05,4.435e-05,4.38e-05,4.38e-05,20012.0,2020-01-02 21:00:00
930,1577995200000,4.393e-05,4.409e-05,4.367e-05,4.38e-05,5258.0,2020-01-02 20:00:00
931,1577991600000,4.39e-05,4.435e-05,4.361e-05,4.372e-05,12054.0,2020-01-02 19:00:00
932,1577988000000,4.347e-05,4.407e-05,4.337e-05,4.355e-05,5946.0,2020-01-02 18:00:00
933,1577984400000,4.364e-05,4.376e-05,4.299e-05,4.319e-05,13815.0,2020-01-02 17:00:00
934,1577980800000,4.357e-05,4.411e-05,4.357e-05,4.364e-05,12049.0,2020-01-02 16:00:00
935,1577977200000,4.368e-05,4.369e-05,4.34e-05,4.34e-05,1025.0,2020-01-02 15:00:00
936,1577973600000,4.355e-05,4.368e-05,4.344e-05,4.344e-05,1264.0,2020-01-02 14:00:00
937,1577970000000,4.357e-05,4.368e-05,4.346e-05,4.355e-05,4099.0,2020-01-02 13:00:00
938,1577966400000,4.364e-05,4.369e-05,4.356e-05,4.357e-05,7363.0,2020-01-02 12:00:00
939,1577962800000,4.365e-05,4.37e-05,4.365e-05,4.369e-05,3340.0,2020-01-02 11:00:00
940,1577959200000,4.37e-05,4.37e-05,4.365e-05,4.365e-05,9.0,2020-01-02 10:00:00
941,1577955600000,4.367e-05,4.389e-05,4.329e-05,4.389e-05,1462.0,2020-01-02 09:00:00
942,1577952000000,4.337e-05,4.37e-05,4.337e-05,4.37e-05,1570.0,2020-01-02 08:00:00
943,1577948400000,4.359e-05,4.382e-05,4.337e-05,4.348e-05,6457.0,2020-01-02 07:00:00
944,1577944800000,4.348e-05,4.381e-05,4.348e-05,4.381e-05,4099.0,2020-01-02 06:00:00
945,1577941200000,4.336e-05,4.371e-05,4.316e-05,4.348e-05,7701.0,2020-01-02 05:00:00
946,1577937600000,4.353e-05,4.372e-05,4.336e-05,4.36e-05,3171.0,2020-01-02 04:00:00
947,1577934000000,4.343e-05,4.372e-05,4.343e-05,4.372e-05,2832.0,2020-01-02 03:00:00
948,1577930400000,4.347e-05,4.364e-05,4.333e-05,4.334e-05,5115.0,2020-01-02 02:00:00
949,1577926800000,4.344e-05,4.344e-05,4.344e-05,4.344e-05,384.0,2020-01-02 01:00:00
950,1577923200000,4.33e-05,4.352e-05,4.313e-05,4.344e-05,11321.0,2020-01-02 00:00:00
951,1577919600000,4.336e-05,4.336e-05,4.334e-05,4.334e-05,48.0,2020-01-01 23:00:00
952,1577916000000,4.344e-05,4.356e-05,4.329e-05,4.352e-05,9055.0,2020-01-01 22:00:00
953,1577912400000,4.357e-05,4.357e-05,4.31e-05,4.336e-05,3604.0,2020-01-01 21:00:00
954,1577908800000,4.339e-05,4.357e-05,4.319e-05,4.357e-05,288.0,2020-01-01 20:00:00
955,1577905200000,4.33e-05,4.358e-05,4.33e-05,4.357e-05,3535.0,2020-01-01 19:00:00
956,1577901600000,4.32e-05,4.341e-05,4.307e-05,4.33e-05,4493.0,2020-01-01 18:00:00
957,1577898000000,4.353e-05,4.358e-05,4.3e-05,4.32e-05,16470.0,2020-01-01 17:00:00
958,1577894400000,4.334e-05,4.357e-05,4.323e-05,4.352e-05,10897.0,2020-01-01 16:00:00
959,1577890800000,4.352e-05,4.363e-05,4.329e-05,4.334e-05,8079.0,2020-01-01 15:00:00
960,1577887200000,4.391e-05,4.401e-05,4.318e-05,4.364e-05,29033.0,2020-01-01 14:00:00
961,1577883600000,4.381e-05,4.391e-05,4.373e-05,4.391e-05,3380.0,2020-01-01 13:00:00
962,1577880000000,4.372e-05,4.433e-05,4.372e-05,4.398e-05,10352.0,2020-01-01 12:00:00
963,1577876400000,4.38e-05,4.396e-05,4.368e-05,4.373e-05,2044.0,2020-01-01 11:00:00
964,1577872800000,4.359e-05,4.382e-05,4.359e-05,4.372e-05,461.0,2020-01-01 10:00:00
965,1577869200000,4.358e-05,4.376e-05,4.358e-05,4.366e-05,84.0,2020-01-01 09:00:00
966,1577865600000,4.353e-05,4.36e-05,4.329e-05,4.358e-05,2938.0,2020-01-01 08:00:00
967,1577862000000,4.342e-05,4.342e-05,4.342e-05,4.342e-05,0.0,2020-01-01 07:00:00
968,1577858400000,4.342e-05,4.342e-05,4.342e-05,4.342e-05,109.0,2020-01-01 06:00:00
969,1577854800000,4.35e-05,4.357e-05,4.35e-05,4.357e-05,761.0,2020-01-01 05:00:00
970,1577851200000,4.331e-05,4.351e-05,4.311e-05,4.322e-05,8252.0,2020-01-01 04:00:00
971,1577847600000,4.332e-05,4.332e-05,4.307e-05,4.31e-05,5974.0,2020-01-01 03:00:00
972,1577844000000,4.357e-05,4.357e-05,4.357e-05,4.357e-05,427.0,2020-01-01 02:00:00
973,1577840400000,4.325e-05,4.356e-05,4.324e-05,4.356e-05,3469.0,2020-01-01 01:00:00
974,1577836800000,4.331e-05,4.349e-05,4.317e-05,4.334e-05,8098.0,2020-01-01 00:00:00
975,1577833200000,4.313e-05,4.338e-05,4.302e-05,4.326e-05,1951.0,2019-12-31 23:00:00
976,1577829600000,4.349e-05,4.349e-05,4.301e-05,4.313e-05,3653.0,2019-12-31 22:00:00
977,1577826000000,4.381e-05,4.388e-05,4.351e-05,4.351e-05,5070.0,2019-12-31 21:00:00
978,1577822400000,4.349e-05,4.389e-05,4.339e-05,4.389e-05,1434.0,2019-12-31 20:00:00
979,1577818800000,4.348e-05,4.364e-05,4.331e-05,4.349e-05,6048.0,2019-12-31 19:00:00
980,1577815200000,4.355e-05,4.38e-05,4.348e-05,4.349e-05,8719.0,2019-12-31 18:00:00
981,1577811600000,4.348e-05,4.383e-05,4.348e-05,4.383e-05,5461.0,2019-12-31 17:00:00
982,1577808000000,4.35e-05,4.366e-05,4.326e-05,4.326e-05,15134.0,2019-12-31 16:00:00
983,1577804400000,4.384e-05,4.396e-05,4.318e-05,4.347e-05,40247.0,2019-12-31 15:00:00
984,1577800800000,4.403e-05,4.417e-05,4.355e-05,4.382e-05,34833.0,2019-12-31 14:00:00
985,1577797200000,4.353e-05,4.394e-05,4.327e-05,4.388e-05,53655.0,2019-12-31 13:00:00
986,1577793600000,4.384e-05,4.396e-05,4.339e-05,4.361e-05,17596.0,2019-12-31 12:00:00
987,1577790000000,4.404e-05,4.412e-05,4.383e-05,4.383e-05,5537.0,2019-12-31 11:00:00
988,1577786400000,4.372e-05,4.401e-05,4.367e-05,4.386e-05,2123.0,2019-12-31 10:00:00
989,1577782800000,4.365e-05,4.415e-05,4.364e-05,4.382e-05,17709.0,2019-12-31 09:00:00
990,1577779200000,4.373e-05,4.396e-05,4.364e-05,4.364e-05,1417.0,2019-12-31 08:00:00
991,1577775600000,4.373e-05,4.373e-05,4.369e-05,4.372e-05,3023.0,2019-12-31 07:00:00
992,1577772000000,4.371e-05,4.373e-05,4.371e-05,4.373e-05,2859.0,2019-12-31 06:00:00
993,1577768400000,4.366e-05,4.367e-05,4.366e-05,4.367e-05,1583.0,2019-12-31 05:00:00
994,1577764800000,4.373e-05,4.373e-05,4.35e-05,4.35e-05,3097.0,2019-12-31 04:00:00
995,1577761200000,4.39e-05,4.406e-05,4.373e-05,4.373e-05,10105.0,2019-12-31 03:00:00
996,1577757600000,4.4e-05,4.414e-05,4.385e-05,4.385e-05,6448.0,2019-12-31 02:00:00
997,1577754000000,4.398e-05,4.419e-05,4.398e-05,4.398e-05,2685.0,2019-12-31 01:00:00
998,1577750400000,4.389e-05,4.42e-05,4.388e-05,4.398e-05,33412.0,2019-12-31 00:00:00
999,1577746800000,4.34e-05,4.398e-05,4.339e-05,4.389e-05,17321.0,2019-12-30 23:00:00
1000,1577743200000,4.354e-05,4.376e-05,4.339e-05,4.363e-05,917.0,2019-12-30 22:00:00
1001,1577739600000,4.34e-05,4.354e-05,4.339e-05,4.34e-05,363.0,2019-12-30 21:00:00
1002,1577736000000,4.342e-05,4.373e-05,4.338e-05,4.373e-05,2858.0,2019-12-30 20:00:00
1003,1577732400000,4.357e-05,4.37e-05,4.34e-05,4.37e-05,1386.0,2019-12-30 19:00:00
1004,1577728800000,4.35e-05,4.357e-05,4.35e-05,4.357e-05,597.0,2019-12-30 18:00:00
1005,1577725200000,4.373e-05,4.374e-05,4.348e-05,4.35e-05,771.0,2019-12-30 17:00:00
1006,1577721600000,4.373e-05,4.387e-05,4.373e-05,4.378e-05,365.0,2019-12-30 16:00:00
1007,1577718000000,4.37e-05,4.373e-05,4.347e-05,4.373e-05,2706.0,2019-12-30 15:00:00
1008,1577714400000,4.353e-05,4.364e-05,4.338e-05,4.363e-05,10065.0,2019-12-30 14:00:00
1009,1577710800000,4.373e-05,4.373e-05,4.345e-05,4.345e-05,191.0,2019-12-30 13:00:00
1010,1577707200000,4.38e-05,4.395e-05,4.349e-05,4.349e-05,2338.0,2019-12-30 12:00:00
1011,1577703600000,4.35e-05,4.395e-05,4.35e-05,4.394e-05,992.0,2019-12-30 11:00:00
1012,1577700000000,4.382e-05,4.382e-05,4.34e-05,4.382e-05,3383.0,2019-12-30 10:00:00
1013,1577696400000,4.377e-05,4.382e-05,4.377e-05,4.382e-05,737.0,2019-12-30 09:00:00
1014,1577692800000,4.354e-05,4.377e-05,4.354e-05,4.377e-05,214.0,2019-12-30 08:00:00
1015,1577689200000,4.377e-05,4.377e-05,4.349e-05,4.354e-05,1071.0,2019-12-30 07:00:00
1016,1577685600000,4.365e-05,4.377e-05,4.338e-05,4.377e-05,1576.0,2019-12-30 06:00:00
1017,1577682000000,4.343e-05,4.375e-05,4.338e-05,4.338e-05,2462.0,2019-12-30 05:00:00
1018,1577678400000,4.37e-05,4.379e-05,4.343e-05,4.379e-05,5257.0,2019-12-30 04:00:00
1019,1577674800000,4.355e-05,4.355e-05,4.353e-05,4.353e-05,1335.0,2019-12-30 03:00:00
1020,1577671200000,4.352e-05,4.366e-05,4.339e-05,4.355e-05,4780.0,2019-12-30 02:00:00
1021,1577667600000,4.384e-05,4.384e-05,4.339e-05,4.362e-05,1216.0,2019-12-30 01:00:00
1022,1577664000000,4.372e-05,4.384e-05,4.336e-05,4.359e-05,5269.0,2019-12-30 00:00:00
1023,1577660400000,4.35e-05,4.372e-05,4.32e-05,4.372e-05,1532.0,2019-12-29 23:00:00
1024,1577656800000,4.339e-05,4.369e-05,4.301e-05,4.346e-05,6879.0,2019-12-29 22:00:00
1025,1577653200000,4.332e-05,4.346e-05,4.33e-05,4.33e-05,324.0,2019-12-29 21:00:00
1026,1577649600000,4.325e-05,4.336e-05,4.278e-05,4.332e-05,7905.0,2019-12-29 20:00:00
1027,1577646000000,4.341e-05,4.352e-05,4.324e-05,4.325e-05,5367.0,2019-12-29 19:00:00
1028,1577642400000,4.344e-05,4.346e-05,4.325e-05,4.345e-05,2661.0,2019-12-29 18:00:00
1029,1577638800000,4.344e-05,4.356e-05,4.343e-05,4.344e-05,8015.0,2019-12-29 17:00:00
1030,1577635200000,4.328e-05,4.347e-05,4.31e-05,4.337e-05,2103.0,2019-12-29 16:00:00
1031,1577631600000,4.348e-05,4.364e-05,4.328e-05,4.328e-05,2944.0,2019-12-29 15:00:00
1032,1577628000000,4.329e-05,4.348e-05,4.305e-05,4.348e-05,13825.0,2019-12-29 14:00:00
1033,1577624400000,4.385e-05,4.385e-05,4.318e-05,4.342e-05,2896.0,2019-12-29 13:00:00
1034,1577620800000,4.367e-05,4.396e-05,4.349e-05,4.349e-05,7421.0,2019-12-29 12:00:00
1035,1577617200000,4.394e-05,4.398e-05,4.359e-05,4.364e-05,5630.0,2019-12-29 11:00:00
1036,1577613600000,4.381e-05,4.398e-05,4.356e-05,4.397e-05,556.0,2019-12-29 10:00:00
1037,1577610000000,4.379e-05,4.395e-05,4.363e-05,4.364e-05,2477.0,2019-12-29 09:00:00
1038,1577606400000,4.379e-05,4.388e-05,4.363e-05,4.375e-05,510.0,2019-12-29 08:00:00
1039,1577602800000,4.389e-05,4.389e-05,4.364e-05,4.384e-05,801.0,2019-12-29 07:00:00
1040,1577599200000,4.377e-05,4.39e-05,4.356e-05,4.389e-05,3382.0,2019-12-29 06:00:00
1041,1577595600000,4.376e-05,4.378e-05,4.376e-05,4.378e-05,280.0,2019-12-29 05:00:00
1042,1577592000000,4.4e-05,4.427e-05,4.377e-05,4.395e-05,1197.0,2019-12-29 04:00:00
1043,1577588400000,4.401e-05,4.427e-05,4.369e-05,4.37e-05,4255.0,2019-12-29 03:00:00
1044,1577584800000,4.397e-05,4.411e-05,4.367e-05,4.368e-05,14115.0,2019-12-29 02:00:00
1045,1577581200000,4.424e-05,4.424e-05,4.395e-05,4.405e-05,4841.0,2019-12-29 01:00:00
1046,1577577600000,4.436e-05,4.449e-05,4.402e-05,4.448e-05,7043.0,2019-12-29 00:00:00
1047,1577574000000,4.426e-05,4.437e-05,4.411e-05,4.435e-05,3607.0,2019-12-28 23:00:00
1048,1577570400000,4.438e-05,4.449e-05,4.402e-05,4.425e-05,5859.0,2019-12-28 22:00:00
1049,1577566800000,4.434e-05,4.447e-05,4.434e-05,4.438e-05,1236.0,2019-12-28 21:00:00
1050,1577563200000,4.419e-05,4.488e-05,4.418e-05,4.418e-05,4649.0,2019-12-28 20:00:00
1051,1577559600000,4.444e-05,4.444e-05,4.42e-05,4.42e-05,4321.0,2019-12-28 19:00:00
1052,1577556000000,4.433e-05,4.444e-05,4.404e-05,4.444e-05,869.0,2019-12-28 18:00:00
1053,1577552400000,4.439e-05,4.445e-05,4.419e-05,4.429e-05,1499.0,2019-12-28 17:00:00
1054,1577548800000,4.414e-05,4.452e-05,4.402e-05,4.445e-05,14134.0,2019-12-28 16:00:00
1055,1577545200000,4.416e-05,4.441e-05,4.407e-05,4.414e-05,7135.0,2019-12-28 15:00:00
1056,1577541600000,4.374e-05,4.427e-05,4.362e-05,4.419e-05,6930.0,2019-12-28 14:00:00
1057,1577538000000,4.365e-05,4.379e-05,4.355e-05,4.355e-05,5213.0,2019-12-28 13:00:00
1058,1577534400000,4.404e-05,4.415e-05,4.355e-05,4.36e-05,15629.0,2019-12-28 12:00:00
1059,1577530800000,4.354e-05,4.406e-05,4.354e-05,4.405e-05,4704.0,2019-12-28 11:00:00
1060,1577527200000,4.408e-05,4.408e-05,4.332e-05,4.355e-05,13920.0,2019-12-28 10:00:00
1061,1577523600000,4.441e-05,4.443e-05,4.375e-05,4.408e-05,12900.0,2019-12-28 09:00:00
1062,1577520000000,4.432e-05,4.446e-05,4.43e-05,4.441e-05,352.0,2019-12-28 08:00:00
1063,1577516400000,4.408e-05,4.432e-05,4.4e-05,4.402e-05,7745.0,2019-12-28 07:00:00
1064,1577512800000,4.441e-05,4.441e-05,4.385e-05,4.401e-05,21906.0,2019-12-28 06:00:00
1065,1577509200000,4.455e-05,4.455e-05,4.41e-05,4.41e-05,10951.0,2019-12-28 05:00:00
1066,1577505600000,4.449e-05,4.478e-05,4.444e-05,4.478e-05,2121.0,2019-12-28 04:00:00
1067,1577502000000,4.434e-05,4.48e-05,4.429e-05,4.48e-05,2801.0,2019-12-28 03:00:00
1068,1577498400000,4.508e-05,4.513e-05,4.426e-05,4.454e-05,15594.0,2019-12-28 02:00:00
1069,1577494800000,4.414e-05,4.526e-05,4.414e-05,4.511e-05,26751.0,2019-12-28 01:00:00
1070,1577491200000,4.391e-05,4.441e-05,4.391e-05,4.435e-05,9561.0,2019-12-28 00:00:00
1071,1577487600000,4.385e-05,4.41e-05,4.354e-05,4.39e-05,9560.0,2019-12-27 23:00:00
1072,1577484000000,4.421e-05,4.423e-05,4.381e-05,4.396e-05,5809.0,2019-12-27 22:00:00
1073,1577480400000,4.423e-05,4.442e-05,4.403e-05,4.41e-05,8562.0,2019-12-27 21:00:00
1074,1577476800000,4.411e-05,4.44e-05,4.408e-05,4.409e-05,6461.0,2019-12-27 20:00:00
1075,1577473200000,4.396e-05,4.443e-05,4.392e-05,4.409e-05,19632.0,2019-12-27 19:00:00
1076,1577469600000,4.383e-05,4.397e-05,4.375e-05,4.38e-05,6085.0,2019-12-27 18:00:00
1077,1577466000000,4.378e-05,4.384e-05,4.35e-05,4.384e-05,4897.0,2019-12-27 17:00:00
1078,1577462400000,4.376e-05,4.381e-05,4.34e-05,4.353e-05,8353.0,2019-12-27 16:00:00
1079,1577458800000,4.321e-05,4.379e-05,4.312e-05,4.374e-05,12289.0,2019-12-27 15:00:00
1080,1577455200000,4.395e-05,4.4e-05,4.299e-05,4.311e-05,60809.0,2019-12-27 14:00:00
1081,1577451600000,4.354e-05,4.427e-05,4.346e-05,4.367e-05,30734.0,2019-12-27 13:00:00
1082,1577448000000,4.444e-05,4.444e-05,4.336e-05,4.374e-05,27740.0,2019-12-27 12:00:00
1083,1577444400000,4.402e-05,4.457e-05,4.401e-05,4.444e-05,10227.0,2019-12-27 11:00:00
1084,1577440800000,4.392e-05,4.436e-05,4.372e-05,4.426e-05,23244.0,2019-12-27 10:00:00
1085,1577437200000,4.434e-05,4.451e-05,4.37e-05,4.37e-05,12101.0,2019-12-27 09:00:00
1086,1577433600000,4.452e-05,4.466e-05,4.422e-05,4.434e-05,7279.0,2019-12-27 08:00:00
1087,1577430000000,4.46e-05,4.467e-05,4.451e-05,4.467e-05,7582.0,2019-12-27 07:00:00
1088,1577426400000,4.479e-05,4.479e-05,4.456e-05,4.466e-05,7882.0,2019-12-27 06:00:00
1089,1577422800000,4.5e-05,4.5e-05,4.467e-05,4.467e-05,5480.0,2019-12-27 05:00:00
1090,1577419200000,4.5e-05,4.5e-05,4.481e-05,4.5e-05,928.0,2019-12-27 04:00:00
1091,1577415600000,4.509e-05,4.509e-05,4.467e-05,4.477e-05,13459.0,2019-12-27 03:00:00
1092,1577412000000,4.523e-05,4.523e-05,4.463e-05,4.505e-05,10307.0,2019-12-27 02:00:00
1093,1577408400000,4.566e-05,4.566e-05,4.523e-05,4.523e-05,6434.0,2019-12-27 01:00:00
1094,1577404800000,4.563e-05,4.566e-05,4.518e-05,4.566e-05,11930.0,2019-12-27 00:00:00
1095,1577401200000,4.559e-05,4.565e-05,4.548e-05,4.563e-05,856.0,2019-12-26 23:00:00
1096,1577397600000,4.562e-05,4.582e-05,4.526e-05,4.526e-05,6141.0,2019-12-26 22:00:00
1097,1577394000000,4.529e-05,4.561e-05,4.515e-05,4.561e-05,2046.0,2019-12-26 21:00:00
1098,1577390400000,4.535e-05,4.549e-05,4.505e-05,4.529e-05,2737.0,2019-12-26 20:00:00
1099,1577386800000,4.511e-05,4.537e-05,4.49e-05,4.535e-05,13005.0,2019-12-26 19:00:00
1100,1577383200000,4.483e-05,4.549e-05,4.483e-05,4.54e-05,4828.0,2019-12-26 18:00:00
1101,1577379600000,4.506e-05,4.516e-05,4.483e-05,4.506e-05,3316.0,2019-12-26 17:00:00
1102,1577376000000,4.531e-05,4.556e-05,4.501e-05,4.501e-05,14777.0,2019-12-26 16:00:00
1103,1577372400000,4.535e-05,4.556e-05,4.527e-05,4.556e-05,2375.0,2019-12-26 15:00:00
1104,1577368800000,4.54e-05,4.568e-05,4.535e-05,4.558e-05,488.0,2019-12-26 14:00:00
1105,1577365200000,4.531e-05,4.567e-05,4.529e-05,4.536e-05,3831.0,2019-12-26 13:00:00
1106,1577361600000,4.542e-05,4.543e-05,4.517e-05,4.517e-05,878.0,2019-12-26 12:00:00
1107,1577358000000,4.547e-05,4.548e-05,4.509e-05,4.54e-05,1075.0,2019-12-26 11:00:00
1108,1577354400000,4.521e-05,4.551e-05,4.509e-05,4.551e-05,3624.0,2019-12-26 10:00:00
1109,1577350800000,4.526e-05,4.556e-05,4.508e-05,4.556e-05,2788.0,2019-12-26 09:00:00
1110,1577347200000,4.534e-05,4.541e-05,4.5e-05,4.5e-05,3587.0,2019-12-26 08:00:00
1111,1577343600000,4.551e-05,4.555e-05,4.527e-05,4.555e-05,3045.0,2019-12-26 07:00:00
1112,1577340000000,4.582e-05,4.585e-05,4.525e-05,4.551e-05,4888.0,2019-12-26 06:00:00
1113,1577336400000,4.564e-05,4.585e-05,4.54e-05,4.552e-05,12281.0,2019-12-26 05:00:00
1114,1577332800000,4.56e-05,4.572e-05,4.56e-05,4.563e-05,651.0,2019-12-26 04:00:00
1115,1577329200000,4.574e-05,4.574e-05,4.574e-05,4.574e-05,41.0,2019-12-26 03:00:00
1116,1577325600000,4.571e-05,4.574e-05,4.552e-05,4.552e-05,3279.0,2019-12-26 02:00:00
1117,1577322000000,4.585e-05,4.586e-05,4.559e-05,4.563e-05,1894.0,2019-12-26 01:00:00
1118,1577318400000,4.591e-05,4.593e-05,4.551e-05,4.586e-05,3807.0,2019-12-26 00:00:00
1119,1577314800000,4.611e-05,4.635e-05,4.585e-05,4.585e-05,2447.0,2019-12-25 23:00:00
1120,1577311200000,4.577e-05,4.625e-05,4.577e-05,4.588e-05,2809.0,2019-12-25 22:00:00
1121,1577307600000,4.55e-05,4.577e-05,4.55e-05,4.577e-05,2029.0,2019-12-25 21:00:00
1122,1577304000000,4.571e-05,4.571e-05,4.536e-05,4.55e-05,10113.0,2019-12-25 20:00:00
1123,1577300400000,4.601e-05,4.616e-05,4.571e-05,4.574e-05,10403.0,2019-12-25 19:00:00
1124,1577296800000,4.592e-05,4.601e-05,4.592e-05,4.601e-05,364.0,2019-12-25 18:00:00
1125,1577293200000,4.599e-05,4.625e-05,4.575e-05,4.592e-05,1165.0,2019-12-25 17:00:00
1126,1577289600000,4.604e-05,4.605e-05,4.557e-05,4.597e-05,15226.0,2019-12-25 16:00:00
1127,1577286000000,4.576e-05,4.604e-05,4.576e-05,4.576e-05,5257.0,2019-12-25 15:00:00
1128,1577282400000,4.58e-05,4.6e-05,4.549e-05,4.585e-05,11753.0,2019-12-25 14:00:00
1129,1577278800000,4.575e-05,4.602e-05,4.566e-05,4.568e-05,2316.0,2019-12-25 13:00:00
1130,1577275200000,4.615e-05,4.618e-05,4.556e-05,4.579e-05,10294.0,2019-12-25 12:00:00
1131,1577271600000,4.596e-05,4.63e-05,4.592e-05,4.618e-05,3296.0,2019-12-25 11:00:00
1132,1577268000000,4.606e-05,4.606e-05,4.578e-05,4.596e-05,6103.0,2019-12-25 10:00:00
1133,1577264400000,4.612e-05,4.635e-05,4.578e-05,4.617e-05,20823.0,2019-12-25 09:00:00
1134,1577260800000,4.642e-05,4.642e-05,4.606e-05,4.64e-05,2743.0,2019-12-25 08:00:00
1135,1577257200000,4.634e-05,4.642e-05,4.601e-05,4.61e-05,3716.0,2019-12-25 07:00:00
1136,1577253600000,4.666e-05,4.667e-05,4.634e-05,4.66e-05,4951.0,2019-12-25 06:00:00
1137,1577250000000,4.645e-05,4.667e-05,4.633e-05,4.648e-05,3539.0,2019-12-25 05:00:00
1138,1577246400000,4.673e-05,4.704e-05,4.636e-05,4.673e-05,5690.0,2019-12-25 04:00:00
1139,1577242800000,4.695e-05,4.695e-05,4.664e-05,4.672e-05,5756.0,2019-12-25 03:00:00
1140,1577239200000,4.678e-05,4.701e-05,4.666e-05,4.701e-05,2135.0,2019-12-25 02:00:00
1141,1577235600000,4.689e-05,4.703e-05,4.68e-05,4.68e-05,3634.0,2019-12-25 01:00:00
1142,1577232000000,4.701e-05,4.702e-05,4.68e-05,4.68e-05,755.0,2019-12-25 00:00:00
1143,1577228400000,4.685e-05,4.702e-05,4.683e-05,4.702e-05,1909.0,2019-12-24 23:00:00
1144,1577224800000,4.69e-05,4.701e-05,4.678e-05,4.684e-05,2440.0,2019-12-24 22:00:00
1145,1577221200000,4.679e-05,4.679e-05,4.678e-05,4.678e-05,1545.0,2019-12-24 21:00:00
1146,1577217600000,4.687e-05,4.69e-05,4.678e-05,4.678e-05,3332.0,2019-12-24 20:00:00
1147,1577214000000,4.678e-05,4.709e-05,4.678e-05,4.687e-05,7473.0,2019-12-24 19:00:00
1148,1577210400000,4.649e-05,4.713e-05,4.639e-05,4.678e-05,13611.0,2019-12-24 18:00:00
1149,1577206800000,4.649e-05,4.649e-05,4.631e-05,4.641e-05,762.0,2019-12-24 17:00:00
1150,1577203200000,4.668e-05,4.685e-05,4.619e-05,4.652e-05,7003.0,2019-12-24 16:00:00
1151,1577199600000,4.678e-05,4.685e-05,4.645e-05,4.651e-05,3588.0,2019-12-24 15:00:00
1152,1577196000000,4.622e-05,4.679e-05,4.618e-05,4.662e-05,1153.0,2019-12-24 14:00:00
1153,1577192400000,4.631e-05,4.632e-05,4.606e-05,4.609e-05,4098.0,2019-12-24 13:00:00
1154,1577188800000,4.63e-05,4.637e-05,4.615e-05,4.637e-05,394.0,2019-12-24 12:00:00
1155,1577185200000,4.606e-05,4.653e-05,4.606e-05,4.653e-05,5828.0,2019-12-24 11:00:00
1156,1577181600000,4.601e-05,4.606e-05,4.573e-05,4.606e-05,4488.0,2019-12-24 10:00:00
1157,1577178000000,4.604e-05,4.642e-05,4.591e-05,4.626e-05,1359.0,2019-12-24 09:00:00
1158,1577174400000,4.657e-05,4.657e-05,4.614e-05,4.614e-05,2683.0,2019-12-24 08:00:00
1159,1577170800000,4.655e-05,4.693e-05,4.597e-05,4.639e-05,17295.0,2019-12-24 07:00:00
1160,1577167200000,4.667e-05,4.667e-05,4.624e-05,4.636e-05,5515.0,2019-12-24 06:00:00
1161,1577163600000,4.669e-05,4.67e-05,4.654e-05,4.654e-05,3130.0,2019-12-24 05:00:00
1162,1577160000000,4.672e-05,4.687e-05,4.65e-05,4.67e-05,9350.0,2019-12-24 04:00:00
1163,1577156400000,4.684e-05,4.685e-05,4.657e-05,4.67e-05,4800.0,2019-12-24 03:00:00
1164,1577152800000,4.68e-05,4.693e-05,4.676e-05,4.693e-05,182.0,2019-12-24 02:00:00
1165,1577149200000,4.694e-05,4.721e-05,4.68e-05,4.68e-05,1218.0,2019-12-24 01:00:00
1166,1577145600000,4.702e-05,4.733e-05,4.685e-05,4.733e-05,30.0,2019-12-24 00:00:00
1167,1577142000000,4.713e-05,4.723e-05,4.696e-05,4.703e-05,2685.0,2019-12-23 23:00:00
1168,1577138400000,4.698e-05,4.735e-05,4.686e-05,4.706e-05,4180.0,2019-12-23 22:00:00
1169,1577134800000,4.687e-05,4.722e-05,4.678e-05,4.713e-05,3320.0,2019-12-23 21:00:00
1170,1577131200000,4.746e-05,4.746e-05,4.667e-05,4.702e-05,3771.0,2019-12-23 20:00:00
1171,1577127600000,4.713e-05,4.747e-05,4.691e-05,4.747e-05,5546.0,2019-12-23 19:00:00
1172,1577124000000,4.671e-05,4.737e-05,4.663e-05,4.711e-05,6677.0,2019-12-23 18:00:00
1173,1577120400000,4.599e-05,4.656e-05,4.599e-05,4.649e-05,5609.0,2019-12-23 17:00:00
1174,1577116800000,4.64e-05,4.64e-05,4.575e-05,4.622e-05,25091.0,2019-12-23 16:00:00
1175,1577113200000,4.643e-05,4.652e-05,4.6e-05,4.605e-05,2348.0,2019-12-23 15:00:00
1176,1577109600000,4.65e-05,4.675e-05,4.62e-05,4.62e-05,3686.0,2019-12-23 14:00:00
1177,1577106000000,4.628e-05,4.659e-05,4.618e-05,4.648e-05,6452.0,2019-12-23 13:00:00
1178,1577102400000,4.632e-05,4.658e-05,4.628e-05,4.648e-05,2253.0,2019-12-23 12:00:00
1179,1577098800000,4.659e-05,4.678e-05,4.632e-05,4.632e-05,15444.0,2019-12-23 11:00:00
1180,1577095200000,4.68e-05,4.699e-05,4.658e-05,4.658e-05,3259.0,2019-12-23 10:00:00
1181,1577091600000,4.668e-05,4.715e-05,4.657e-05,4.68e-05,7090.0,2019-12-23 09:00:00
1182,1577088000000,4.665e-05,4.668e-05,4.654e-05,4.668e-05,2913.0,2019-12-23 08:00:00
1183,1577084400000,4.688e-05,4.698e-05,4.66e-05,4.676e-05,595.0,2019-12-23 07:00:00
1184,1577080800000,4.654e-05,4.711e-05,4.654e-05,4.688e-05,2257.0,2019-12-23 06:00:00
1185,1577077200000,4.628e-05,4.662e-05,4.628e-05,4.633e-05,1978.0,2019-12-23 05:00:00
1186,1577073600000,4.64e-05,4.676e-05,4.629e-05,4.629e-05,7922.0,2019-12-23 04:00:00
1187,1577070000000,4.658e-05,4.676e-05,4.617e-05,4.676e-05,7204.0,2019-12-23 03:00:00
1188,1577066400000,4.645e-05,4.714e-05,4.639e-05,4.692e-05,3885.0,2019-12-23 02:00:00
1189,1577062800000,4.677e-05,4.706e-05,4.644e-05,4.672e-05,8576.0,2019-12-23 01:00:00
1190,1577059200000,4.662e-05,4.716e-05,4.622e-05,4.704e-05,20015.0,2019-12-23 00:00:00
1191,1577055600000,4.659e-05,4.949e-05,4.63e-05,4.665e-05,51764.0,2019-12-22 23:00:00
1192,1577052000000,4.633e-05,4.659e-05,4.633e-05,4.659e-05,2067.0,2019-12-22 22:00:00
1193,1577048400000,4.645e-05,4.656e-05,4.616e-05,4.633e-05,7683.0,2019-12-22 21:00:00
1194,1577044800000,4.629e-05,4.646e-05,4.616e-05,4.646e-05,2165.0,2019-12-22 20:00:00
1195,1577041200000,4.64e-05,4.65e-05,4.625e-05,4.65e-05,2622.0,2019-12-22 19:00:00
1196,1577037600000,4.686e-05,4.686e-05,4.645e-05,4.66e-05,1001.0,2019-12-22 18:00:00
1197,1577034000000,4.714e-05,4.714e-05,4.64e-05,4.686e-05,15297.0,2019-12-22 17:00:00
1198,1577030400000,4.748e-05,4.757e-05,4.712e-05,4.757e-05,7718.0,2019-12-22 16:00:00
1199,1577026800000,4.778e-05,4.778e-05,4.757e-05,4.766e-05,3058.0,2019-12-22 15:00:00
1200,1577023200000,4.771e-05,4.829e-05,4.748e-05,4.777e-05,11256.0,2019-12-22 14:00:00
1201,1577019600000,4.791e-05,4.802e-05,4.769e-05,4.789e-05,1922.0,2019-12-22 13:00:00
1202,1577016000000,4.796e-05,4.815e-05,4.785e-05,4.794e-05,2590.0,2019-12-22 12:00:00
1203,1577012400000,4.784e-05,4.812e-05,4.768e-05,4.785e-05,14598.0,2019-12-22 11:00:00
1204,1577008800000,4.819e-05,4.819e-05,4.78e-05,4.794e-05,8722.0,2019-12-22 10:00:00
1205,1577005200000,4.8e-05,4.833e-05,4.8e-05,4.833e-05,2399.0,2019-12-22 09:00:00
1206,1577001600000,4.837e-05,4.85e-05,4.792e-05,4.799e-05,8940.0,2019-12-22 08:00:00
1207,1576998000000,4.849e-05,4.86e-05,4.817e-05,4.85e-05,4561.0,2019-12-22 07:00:00
1208,1576994400000,4.861e-05,4.864e-05,4.849e-05,4.849e-05,2907.0,2019-12-22 06:00:00
1209,1576990800000,4.839e-05,4.877e-05,4.839e-05,4.859e-05,5616.0,2019-12-22 05:00:00
1210,1576987200000,4.83e-05,4.838e-05,4.799e-05,4.838e-05,7099.0,2019-12-22 04:00:00
1211,1576983600000,4.829e-05,4.829e-05,4.829e-05,4.829e-05,0.0,2019-12-22 03:00:00
1212,1576980000000,4.834e-05,4.834e-05,4.808e-05,4.829e-05,946.0,2019-12-22 02:00:00
1213,1576976400000,4.817e-05,4.856e-05,4.817e-05,4.856e-05,349.0,2019-12-22 01:00:00
1214,1576972800000,4.835e-05,4.84e-05,4.83e-05,4.839e-05,276.0,2019-12-22 00:00:00
1215,1576969200000,4.841e-05,4.841e-05,4.817e-05,4.829e-05,434.0,2019-12-21 23:00:00
1216,1576965600000,4.822e-05,4.841e-05,4.821e-05,4.841e-05,2229.0,2019-12-21 22:00:00
1217,1576962000000,4.84e-05,4.841e-05,4.82e-05,4.837e-05,2231.0,2019-12-21 21:00:00
1218,1576958400000,4.811e-05,4.849e-05,4.799e-05,4.845e-05,3796.0,2019-12-21 20:00:00
1219,1576954800000,4.813e-05,4.814e-05,4.792e-05,4.811e-05,1091.0,2019-12-21 19:00:00
1220,1576951200000,4.809e-05,4.825e-05,4.808e-05,4.815e-05,682.0,2019-12-21 18:00:00
1221,1576947600000,4.829e-05,4.831e-05,4.808e-05,4.82e-05,54.0,2019-12-21 17:00:00
1222,1576944000000,4.842e-05,4.842e-05,4.819e-05,4.821e-05,159.0,2019-12-21 16:00:00
1223,1576940400000,4.85e-05,4.858e-05,4.815e-05,4.847e-05,2647.0,2019-12-21 15:00:00
1224,1576936800000,4.844e-05,4.86e-05,4.843e-05,4.85e-05,968.0,2019-12-21 14:00:00
1225,1576933200000,4.87e-05,4.87e-05,4.853e-05,4.859e-05,1542.0,2019-12-21 13:00:00
1226,1576929600000,4.852e-05,4.89e-05,4.852e-05,4.87e-05,836.0,2019-12-21 12:00:00
1227,1576926000000,4.86e-05,4.86e-05,4.851e-05,4.853e-05,1194.0,2019-12-21 11:00:00
1228,1576922400000,4.882e-05,4.903e-05,4.853e-05,4.853e-05,7078.0,2019-12-21 10:00:00
1229,1576918800000,4.869e-05,4.889e-05,4.869e-05,4.882e-05,12617.0,2019-12-21 09:00:00
1230,1576915200000,4.883e-05,4.898e-05,4.856e-05,4.87e-05,5695.0,2019-12-21 08:00:00
1231,1576911600000,4.904e-05,4.91e-05,4.867e-05,4.91e-05,2273.0,2019-12-21 07:00:00
1232,1576908000000,4.91e-05,4.911e-05,4.886e-05,4.886e-05,2130.0,2019-12-21 06:00:00
1233,1576904400000,4.936e-05,4.937e-05,4.909e-05,4.916e-05,1530.0,2019-12-21 05:00:00
1234,1576900800000,4.929e-05,4.938e-05,4.917e-05,4.931e-05,9549.0,2019-12-21 04:00:00
1235,1576897200000,4.916e-05,4.93e-05,4.908e-05,4.915e-05,10588.0,2019-12-21 03:00:00
1236,1576893600000,4.898e-05,4.903e-05,4.895e-05,4.895e-05,1512.0,2019-12-21 02:00:00
1237,1576890000000,4.898e-05,4.917e-05,4.897e-05,4.9e-05,334.0,2019-12-21 01:00:00
1238,1576886400000,4.896e-05,4.929e-05,4.895e-05,4.923e-05,10241.0,2019-12-21 00:00:00
1239,1576882800000,4.885e-05,4.908e-05,4.872e-05,4.908e-05,1968.0,2019-12-20 23:00:00
1240,1576879200000,4.872e-05,4.886e-05,4.872e-05,4.885e-05,1215.0,2019-12-20 22:00:00
1241,1576875600000,4.879e-05,4.879e-05,4.872e-05,4.872e-05,29.0,2019-12-20 21:00:00
1242,1576872000000,4.897e-05,4.923e-05,4.879e-05,4.879e-05,8397.0,2019-12-20 20:00:00
1243,1576868400000,4.889e-05,4.902e-05,4.87e-05,4.87e-05,10233.0,2019-12-20 19:00:00
1244,1576864800000,4.888e-05,4.888e-05,4.873e-05,4.873e-05,232.0,2019-12-20 18:00:00
1245,1576861200000,4.869e-05,4.894e-05,4.869e-05,4.894e-05,4438.0,2019-12-20 17:00:00
1246,1576857600000,4.877e-05,4.889e-05,4.861e-05,4.868e-05,10031.0,2019-12-20 16:00:00
1247,1576854000000,4.904e-05,4.925e-05,4.871e-05,4.873e-05,11253.0,2019-12-20 15:00:00
1248,1576850400000,4.893e-05,4.927e-05,4.875e-05,4.904e-05,7273.0,2019-12-20 14:00:00
1249,1576846800000,4.876e-05,4.941e-05,4.876e-05,4.941e-05,20579.0,2019-12-20 13:00:00
1250,1576843200000,4.851e-05,4.891e-05,4.824e-05,4.87e-05,10210.0,2019-12-20 12:00:00
1251,1576839600000,4.828e-05,4.845e-05,4.828e-05,4.845e-05,548.0,2019-12-20 11:00:00
1252,1576836000000,4.853e-05,4.853e-05,4.853e-05,4.853e-05,20.0,2019-12-20 10:00:00
1253,1576832400000,4.83e-05,4.872e-05,4.83e-05,4.853e-05,4585.0,2019-12-20 09:00:00
1254,1576828800000,4.814e-05,4.847e-05,4.792e-05,4.816e-05,8328.0,2019-12-20 08:00:00
1255,1576825200000,4.828e-05,4.828e-05,4.797e-05,4.797e-05,9211.0,2019-12-20 07:00:00
1256,1576821600000,4.851e-05,4.851e-05,4.82e-05,4.82e-05,386.0,2019-12-20 06:00:00
1257,1576818000000,4.807e-05,4.851e-05,4.8e-05,4.851e-05,7449.0,2019-12-20 05:00:00
1258,1576814400000,4.875e-05,4.877e-05,4.795e-05,4.807e-05,57965.0,2019-12-20 04:00:00
1259,1576810800000,4.895e-05,4.917e-05,4.842e-05,4.842e-05,10905.0,2019-12-20 03:00:00
1260,1576807200000,4.92e-05,4.92e-05,4.881e-05,4.881e-05,2319.0,2019-12-20 02:00:00
1261,1576803600000,4.913e-05,4.941e-05,4.891e-05,4.922e-05,7125.0,2019-12-20 01:00:00
1262,1576800000000,4.919e-05,4.919e-05,4.885e-05,4.889e-05,770.0,2019-12-20 00:00:00
1263,1576796400000,4.882e-05,4.929e-05,4.873e-05,4.873e-05,4493.0,2019-12-19 23:00:00
1264,1576792800000,4.869e-05,4.883e-05,4.869e-05,4.879e-05,573.0,2019-12-19 22:00:00
1265,1576789200000,4.876e-05,4.876e-05,4.869e-05,4.869e-05,416.0,2019-12-19 21:00:00
1266,1576785600000,4.9e-05,4.9e-05,4.86e-05,4.869e-05,4182.0,2019-12-19 20:00:00
1267,1576782000000,4.885e-05,4.93e-05,4.885e-05,4.903e-05,1601.0,2019-12-19 19:00:00
1268,1576778400000,4.934e-05,4.934e-05,4.889e-05,4.89e-05,2811.0,2019-12-19 18:00:00
1269,1576774800000,4.902e-05,4.93e-05,4.884e-05,4.904e-05,2346.0,2019-12-19 17:00:00
1270,1576771200000,4.896e-05,4.905e-05,4.877e-05,4.902e-05,2176.0,2019-12-19 16:00:00
1271,1576767600000,4.87e-05,4.93e-05,4.849e-05,4.903e-05,10827.0,2019-12-19 15:00:00
1272,1576764000000,4.884e-05,4.887e-05,4.86e-05,4.887e-05,3504.0,2019-12-19 14:00:00
1273,1576760400000,4.843e-05,4.885e-05,4.837e-05,4.885e-05,9811.0,2019-12-19 13:00:00
1274,1576756800000,4.833e-05,4.843e-05,4.826e-05,4.843e-05,3671.0,2019-12-19 12:00:00
1275,1576753200000,4.873e-05,4.875e-05,4.831e-05,4.843e-05,7394.0,2019-12-19 11:00:00
1276,1576749600000,4.871e-05,4.88e-05,4.842e-05,4.873e-05,6360.0,2019-12-19 10:00:00
1277,1576746000000,4.899e-05,4.905e-05,4.87e-05,4.871e-05,3502.0,2019-12-19 09:00:00
1278,1576742400000,4.9e-05,4.914e-05,4.882e-05,4.882e-05,1409.0,2019-12-19 08:00:00
1279,1576738800000,4.878e-05,4.914e-05,4.878e-05,4.897e-05,2188.0,2019-12-19 07:00:00
1280,1576735200000,4.861e-05,4.877e-05,4.836e-05,4.877e-05,1334.0,2019-12-19 06:00:00
1281,1576731600000,4.875e-05,4.903e-05,4.837e-05,4.861e-05,2504.0,2019-12-19 05:00:00
1282,1576728000000,4.89e-05,4.913e-05,4.858e-05,4.902e-05,6048.0,2019-12-19 04:00:00
1283,1576724400000,4.895e-05,4.895e-05,4.891e-05,4.895e-05,389.0,2019-12-19 03:00:00
1284,1576720800000,4.891e-05,4.916e-05,4.881e-05,4.915e-05,2278.0,2019-12-19 02:00:00
1285,1576717200000,4.881e-05,4.916e-05,4.88e-05,4.896e-05,5358.0,2019-12-19 01:00:00
1286,1576713600000,4.875e-05,4.916e-05,4.834e-05,4.887e-05,13893.0,2019-12-19 00:00:00
1287,1576710000000,4.809e-05,4.898e-05,4.765e-05,4.898e-05,22658.0,2019-12-18 23:00:00
1288,1576706400000,4.888e-05,4.938e-05,4.803e-05,4.803e-05,31616.0,2019-12-18 22:00:00
1289,1576702800000,4.938e-05,4.955e-05,4.88e-05,4.922e-05,13696.0,2019-12-18 21:00:00
1290,1576699200000,5.097e-05,5.097e-05,4.824e-05,4.935e-05,67516.0,2019-12-18 20:00:00
1291,1576695600000,5.135e-05,5.138e-05,5.094e-05,5.119e-05,2122.0,2019-12-18 19:00:00
1292,1576692000000,5.142e-05,5.142e-05,5.136e-05,5.137e-05,766.0,2019-12-18 18:00:00
1293,1576688400000,5.114e-05,5.151e-05,5.095e-05,5.146e-05,2156.0,2019-12-18 17:00:00
1294,1576684800000,5.097e-05,5.152e-05,5.039e-05,5.12e-05,7412.0,2019-12-18 16:00:00
1295,1576681200000,5.088e-05,5.108e-05,5.083e-05,5.1e-05,10639.0,2019-12-18 15:00:00
1296,1576677600000,5.06e-05,5.175e-05,5.06e-05,5.107e-05,24815.0,2019-12-18 14:00:00
1297,1576674000000,5.118e-05,5.14e-05,5.039e-05,5.059e-05,18348.0,2019-12-18 13:00:00
1298,1576670400000,5.151e-05,5.166e-05,5.083e-05,5.098e-05,11736.0,2019-12-18 12:00:00
1299,1576666800000,5.177e-05,5.177e-05,5.16e-05,5.16e-05,5873.0,2019-12-18 11:00:00
1300,1576663200000,5.117e-05,5.201e-05,5.114e-05,5.186e-05,17589.0,2019-12-18 10:00:00
1301,1576659600000,5.14e-05,5.144e-05,5.107e-05,5.107e-05,2830.0,2019-12-18 09:00:00
1302,1576656000000,5.102e-05,5.165e-05,5.102e-05,5.14e-05,1657.0,2019-12-18 08:00:00
1303,1576652400000,5.103e-05,5.117e-05,5.1e-05,5.101e-05,2711.0,2019-12-18 07:00:00
1304,1576648800000,5.108e-05,5.162e-05,5.101e-05,5.103e-05,11103.0,2019-12-18 06:00:00
1305,1576645200000,5.088e-05,5.113e-05,5.076e-05,5.108e-05,8624.0,2019-12-18 05:00:00
1306,1576641600000,5.101e-05,5.12e-05,5.078e-05,5.078e-05,2180.0,2019-12-18 04:00:00
1307,1576638000000,5.116e-05,5.116e-05,5.078e-05,5.1e-05,2432.0,2019-12-18 03:00:00
1308,1576634400000,5.074e-05,5.133e-05,5.07e-05,5.097e-05,14939.0,2019-12-18 02:00:00
1309,1576630800000,5.063e-05,5.11e-05,5.055e-05,5.074e-05,6301.0,2019-12-18 01:00:00
1310,1576627200000,5.061e-05,5.113e-05,5.038e-05,5.076e-05,6271.0,2019-12-18 00:00:00
1311,1576623600000,5.048e-05,5.087e-05,5.038e-05,5.038e-05,29968.0,2019-12-17 23:00:00
1312,1576620000000,5.074e-05,5.08e-05,5.049e-05,5.05e-05,3460.0,2019-12-17 22:00:00
1313,1576616400000,5.089e-05,5.096e-05,5.049e-05,5.075e-05,5790.0,2019-12-17 21:00:00
1314,1576612800000,5.1e-05,5.115e-05,5.069e-05,5.078e-05,3275.0,2019-12-17 20:00:00
1315,1576609200000,5.1e-05,5.136e-05,5.1e-05,5.13e-05,4394.0,2019-12-17 19:00:00
1316,1576605600000,5.106e-05,5.112e-05,5.104e-05,5.108e-05,2632.0,2019-12-17 18:00:00
1317,1576602000000,5.099e-05,5.146e-05,5.099e-05,5.113e-05,1761.0,2019-12-17 17:00:00
1318,1576598400000,5.15e-05,5.167e-05,5.099e-05,5.099e-05,4882.0,2019-12-17 16:00:00
1319,1576594800000,5.098e-05,5.15e-05,5.086e-05,5.15e-05,5153.0,2019-12-17 15:00:00
1320,1576591200000,5.096e-05,5.174e-05,5.074e-05,5.119e-05,24473.0,2019-12-17 14:00:00
1321,1576587600000,5.068e-05,5.163e-05,5.067e-05,5.114e-05,8069.0,2019-12-17 13:00:00
1322,1576584000000,5.114e-05,5.118e-05,5.06e-05,5.082e-05,10332.0,2019-12-17 12:00:00
1323,1576580400000,5.062e-05,5.114e-05,5.061e-05,5.114e-05,16713.0,2019-12-17 11:00:00
1324,1576576800000,5.082e-05,5.085e-05,5.06e-05,5.062e-05,2467.0,2019-12-17 10:00:00
1325,1576573200000,5.085e-05,5.085e-05,5.063e-05,5.063e-05,2520.0,2019-12-17 09:00:00
1326,1576569600000,5.076e-05,5.091e-05,5.064e-05,5.085e-05,1946.0,2019-12-17 08:00:00
1327,1576566000000,5.085e-05,5.098e-05,5.069e-05,5.076e-05,1823.0,2019-12-17 07:00:00
1328,1576562400000,5.092e-05,5.092e-05,5.083e-05,5.083e-05,1615.0,2019-12-17 06:00:00
1329,1576558800000,5.097e-05,5.119e-05,5.091e-05,5.092e-05,471.0,2019-12-17 05:00:00
1330,1576555200000,5.104e-05,5.12e-05,5.104e-05,5.12e-05,552.0,2019-12-17 04:00:00
1331,1576551600000,5.109e-05,5.146e-05,5.088e-05,5.1e-05,20187.0,2019-12-17 03:00:00
1332,1576548000000,5.167e-05,5.167e-05,5.1e-05,5.119e-05,11915.0,2019-12-17 02:00:00
1333,1576544400000,5.181e-05,5.186e-05,5.181e-05,5.183e-05,1066.0,2019-12-17 01:00:00
1334,1576540800000,5.167e-05,5.172e-05,5.167e-05,5.167e-05,2050.0,2019-12-17 00:00:00
1335,1576537200000,5.148e-05,5.187e-05,5.148e-05,5.187e-05,3863.0,2019-12-16 23:00:00
1336,1576533600000,5.197e-05,5.201e-05,5.125e-05,5.146e-05,10357.0,2019-12-16 22:00:00
1337,1576530000000,5.183e-05,5.252e-05,5.182e-05,5.183e-05,3782.0,2019-12-16 21:00:00
1338,1576526400000,5.157e-05,5.202e-05,5.157e-05,5.195e-05,2113.0,2019-12-16 20:00:00
1339,1576522800000,5.187e-05,5.271e-05,5.128e-05,5.168e-05,20566.0,2019-12-16 19:00:00
1340,1576519200000,5.255e-05,5.255e-05,5.186e-05,5.221e-05,31350.0,2019-12-16 18:00:00
1341,1576515600000,5.22e-05,5.271e-05,5.22e-05,5.231e-05,8103.0,2019-12-16 17:00:00
1342,1576512000000,5.227e-05,5.227e-05,5.215e-05,5.216e-05,1371.0,2019-12-16 16:00:00
1343,1576508400000,5.206e-05,5.23e-05,5.206e-05,5.227e-05,3807.0,2019-12-16 15:00:00
1344,1576504800000,5.186e-05,5.205e-05,5.148e-05,5.205e-05,5803.0,2019-12-16 14:00:00
1345,1576501200000,5.149e-05,5.19e-05,5.123e-05,5.186e-05,15569.0,2019-12-16 13:00:00
1346,1576497600000,5.151e-05,5.159e-05,5.137e-05,5.147e-05,2282.0,2019-12-16 12:00:00
1347,1576494000000,5.15e-05,5.184e-05,5.119e-05,5.151e-05,2387.0,2019-12-16 11:00:00
1348,1576490400000,5.152e-05,5.18e-05,5.141e-05,5.151e-05,1810.0,2019-12-16 10:00:00
1349,1576486800000,5.135e-05,5.152e-05,5.111e-05,5.148e-05,3503.0,2019-12-16 09:00:00
1350,1576483200000,5.122e-05,5.153e-05,5.113e-05,5.153e-05,5639.0,2019-12-16 08:00:00
1351,1576479600000,5.142e-05,5.164e-05,5.112e-05,5.151e-05,2178.0,2019-12-16 07:00:00
1352,1576476000000,5.127e-05,5.135e-05,5.112e-05,5.119e-05,3914.0,2019-12-16 06:00:00
1353,1576472400000,5.127e-05,5.162e-05,5.127e-05,5.128e-05,7133.0,2019-12-16 05:00:00
1354,1576468800000,5.147e-05,5.166e-05,5.127e-05,5.127e-05,7168.0,2019-12-16 04:00:00
1355,1576465200000,5.156e-05,5.168e-05,5.145e-05,5.146e-05,4507.0,2019-12-16 03:00:00
1356,1576461600000,5.139e-05,5.159e-05,5.12e-05,5.139e-05,4058.0,2019-12-16 02:00:00
1357,1576458000000,5.152e-05,5.161e-05,5.1e-05,5.138e-05,9356.0,2019-12-16 01:00:00
1358,1576454400000,5.169e-05,5.17e-05,5.056e-05,5.141e-05,42100.0,2019-12-16 00:00:00
1359,1576450800000,5.171e-05,5.174e-05,5.153e-05,5.153e-05,285.0,2019-12-15 23:00:00
1360,1576447200000,5.176e-05,5.189e-05,5.148e-05,5.177e-05,2188.0,2019-12-15 22:00:00
1361,1576443600000,5.171e-05,5.195e-05,5.17e-05,5.175e-05,1513.0,2019-12-15 21:00:00
1362,1576440000000,5.146e-05,5.178e-05,5.146e-05,5.17e-05,2503.0,2019-12-15 20:00:00
1363,1576436400000,5.157e-05,5.174e-05,5.141e-05,5.15e-05,3475.0,2019-12-15 19:00:00
1364,1576432800000,5.182e-05,5.182e-05,5.157e-05,5.18e-05,758.0,2019-12-15 18:00:00
1365,1576429200000,5.198e-05,5.198e-05,5.165e-05,5.193e-05,637.0,2019-12-15 17:00:00
1366,1576425600000,5.167e-05,5.199e-05,5.167e-05,5.19e-05,2429.0,2019-12-15 16:00:00
1367,1576422000000,5.165e-05,5.184e-05,5.158e-05,5.184e-05,2329.0,2019-12-15 15:00:00
1368,1576418400000,5.193e-05,5.205e-05,5.15e-05,5.205e-05,8056.0,2019-12-15 14:00:00
1369,1576414800000,5.234e-05,5.234e-05,5.194e-05,5.194e-05,7467.0,2019-12-15 13:00:00
1370,1576411200000,5.195e-05,5.234e-05,5.156e-05,5.233e-05,7147.0,2019-12-15 12:00:00
1371,1576407600000,5.232e-05,5.234e-05,5.186e-05,5.211e-05,2661.0,2019-12-15 11:00:00
1372,1576404000000,5.233e-05,5.247e-05,5.203e-05,5.231e-05,4045.0,2019-12-15 10:00:00
1373,1576400400000,5.211e-05,5.267e-05,5.201e-05,5.263e-05,11254.0,2019-12-15 09:00:00
1374,1576396800000,5.209e-05,5.219e-05,5.18e-05,5.219e-05,7024.0,2019-12-15 08:00:00
1375,1576393200000,5.208e-05,5.235e-05,5.183e-05,5.203e-05,5696.0,2019-12-15 07:00:00
1376,1576389600000,5.217e-05,5.247e-05,5.184e-05,5.211e-05,8601.0,2019-12-15 06:00:00
1377,1576386000000,5.167e-05,5.244e-05,5.167e-05,5.215e-05,7298.0,2019-12-15 05:00:00
1378,1576382400000,5.188e-05,5.188e-05,5.166e-05,5.167e-05,1281.0,2019-12-15 04:00:00
1379,1576378800000,5.192e-05,5.192e-05,5.188e-05,5.192e-05,1556.0,2019-12-15 03:00:00
1380,1576375200000,5.189e-05,5.192e-05,5.188e-05,5.192e-05,3445.0,2019-12-15 02:00:00
1381,1576371600000,5.192e-05,5.192e-05,5.168e-05,5.189e-05,567.0,2019-12-15 01:00:00
1382,1576368000000,5.191e-05,5.193e-05,5.18e-05,5.185e-05,1660.0,2019-12-15 00:00:00
1383,1576364400000,5.177e-05,5.219e-05,5.172e-05,5.202e-05,5359.0,2019-12-14 23:00:00
1384,1576360800000,5.185e-05,5.203e-05,5.171e-05,5.192e-05,2889.0,2019-12-14 22:00:00
1385,1576357200000,5.205e-05,5.205e-05,5.198e-05,5.198e-05,25.0,2019-12-14 21:00:00
1386,1576353600000,5.207e-05,5.207e-05,5.156e-05,5.205e-05,3335.0,2019-12-14 20:00:00
1387,1576350000000,5.202e-05,5.209e-05,5.171e-05,5.207e-05,685.0,2019-12-14 19:00:00
1388,1576346400000,5.236e-05,5.236e-05,5.184e-05,5.202e-05,3050.0,2019-12-14 18:00:00
1389,1576342800000,5.202e-05,5.237e-05,5.19e-05,5.207e-05,2820.0,2019-12-14 17:00:00
1390,1576339200000,5.21e-05,5.233e-05,5.185e-05,5.207e-05,3272.0,2019-12-14 16:00:00
1391,1576335600000,5.172e-05,5.21e-05,5.17e-05,5.188e-05,2900.0,2019-12-14 15:00:00
1392,1576332000000,5.206e-05,5.211e-05,5.166e-05,5.171e-05,5575.0,2019-12-14 14:00:00
1393,1576328400000,5.166e-05,5.212e-05,5.1e-05,5.198e-05,16200.0,2019-12-14 13:00:00
1394,1576324800000,5.168e-05,5.17e-05,5.148e-05,5.166e-05,6157.0,2019-12-14 12:00:00
1395,1576321200000,5.154e-05,5.184e-05,5.151e-05,5.156e-05,1232.0,2019-12-14 11:00:00
1396,1576317600000,5.158e-05,5.17e-05,5.148e-05,5.16e-05,763.0,2019-12-14 10:00:00
1397,1576314000000,5.151e-05,5.158e-05,5.116e-05,5.158e-05,2693.0,2019-12-14 09:00:00
1398,1576310400000,5.148e-05,5.194e-05,5.148e-05,5.165e-05,8923.0,2019-12-14 08:00:00
1399,1576306800000,5.15e-05,5.15e-05,5.143e-05,5.143e-05,120.0,2019-12-14 07:00:00
1400,1576303200000,5.12e-05,5.16e-05,5.119e-05,5.16e-05,4951.0,2019-12-14 06:00:00
1401,1576299600000,5.115e-05,5.143e-05,5.115e-05,5.115e-05,3004.0,2019-12-14 05:00:00
1402,1576296000000,5.136e-05,5.138e-05,5.112e-05,5.112e-05,1878.0,2019-12-14 04:00:00
1403,1576292400000,5.136e-05,5.138e-05,5.13e-05,5.137e-05,1844.0,2019-12-14 03:00:00
1404,1576288800000,5.132e-05,5.132e-05,5.111e-05,5.119e-05,2644.0,2019-12-14 02:00:00
1405,1576285200000,5.137e-05,5.138e-05,5.137e-05,5.138e-05,1634.0,2019-12-14 01:00:00
1406,1576281600000,5.135e-05,5.139e-05,5.133e-05,5.138e-05,2508.0,2019-12-14 00:00:00
1407,1576278000000,5.173e-05,5.173e-05,5.132e-05,5.132e-05,2435.0,2019-12-13 23:00:00
1408,1576274400000,5.166e-05,5.172e-05,5.139e-05,5.172e-05,2324.0,2019-12-13 22:00:00
1409,1576270800000,5.16e-05,5.166e-05,5.16e-05,5.166e-05,679.0,2019-12-13 21:00:00
1410,1576267200000,5.14e-05,5.162e-05,5.14e-05,5.161e-05,5291.0,2019-12-13 20:00:00
1411,1576263600000,5.14e-05,5.154e-05,5.122e-05,5.149e-05,1533.0,2019-12-13 19:00:00
1412,1576260000000,5.135e-05,5.14e-05,5.101e-05,5.14e-05,5914.0,2019-12-13 18:00:00
1413,1576256400000,5.111e-05,5.148e-05,5.1e-05,5.131e-05,5442.0,2019-12-13 17:00:00
1414,1576252800000,5.114e-05,5.148e-05,5.107e-05,5.11e-05,7535.0,2019-12-13 16:00:00
1415,1576249200000,5.143e-05,5.161e-05,5.108e-05,5.114e-05,6209.0,2019-12-13 15:00:00
1416,1576245600000,5.15e-05,5.175e-05,5.108e-05,5.108e-05,3301.0,2019-12-13 14:00:00
1417,1576242000000,5.162e-05,5.183e-05,5.106e-05,5.15e-05,12744.0,2019-12-13 13:00:00
1418,1576238400000,5.155e-05,5.18e-05,5.144e-05,5.162e-05,10781.0,2019-12-13 12:00:00
1419,1576234800000,5.155e-05,5.164e-05,5.138e-05,5.155e-05,3267.0,2019-12-13 11:00:00
1420,1576231200000,5.169e-05,5.169e-05,5.138e-05,5.153e-05,3263.0,2019-12-13 10:00:00
1421,1576227600000,5.178e-05,5.185e-05,5.149e-05,5.163e-05,1779.0,2019-12-13 09:00:00
1422,1576224000000,5.178e-05,5.193e-05,5.147e-05,5.179e-05,4473.0,2019-12-13 08:00:00
1423,1576220400000,5.173e-05,5.207e-05,5.168e-05,5.182e-05,3199.0,2019-12-13 07:00:00
1424,1576216800000,5.178e-05,5.178e-05,5.178e-05,5.178e-05,6.0,2019-12-13 06:00:00
1425,1576213200000,5.184e-05,5.194e-05,5.165e-05,5.178e-05,523.0,2019-12-13 05:00:00
1426,1576209600000,5.185e-05,5.185e-05,5.16e-05,5.184e-05,7282.0,2019-12-13 04:00:00
1427,1576206000000,5.205e-05,5.21e-05,5.186e-05,5.186e-05,876.0,2019-12-13 03:00:00
1428,1576202400000,5.214e-05,5.229e-05,5.172e-05,5.217e-05,3614.0,2019-12-13 02:00:00
1429,1576198800000,5.185e-05,5.218e-05,5.185e-05,5.214e-05,3984.0,2019-12-13 01:00:00
1430,1576195200000,5.187e-05,5.188e-05,5.186e-05,5.188e-05,742.0,2019-12-13 00:00:00
1431,1576191600000,5.186e-05,5.191e-05,5.149e-05,5.167e-05,770.0,2019-12-12 23:00:00
1432,1576188000000,5.171e-05,5.191e-05,5.165e-05,5.191e-05,1452.0,2019-12-12 22:00:00
1433,1576184400000,5.151e-05,5.151e-05,5.151e-05,5.151e-05,376.0,2019-12-12 21:00:00
1434,1576180800000,5.167e-05,5.168e-05,5.167e-05,5.167e-05,487.0,2019-12-12 20:00:00
1435,1576177200000,5.142e-05,5.167e-05,5.138e-05,5.167e-05,763.0,2019-12-12 19:00:00
1436,1576173600000,5.167e-05,5.167e-05,5.08e-05,5.143e-05,10042.0,2019-12-12 18:00:00
1437,1576170000000,5.17e-05,5.187e-05,5.163e-05,5.163e-05,989.0,2019-12-12 17:00:00
1438,1576166400000,5.173e-05,5.173e-05,5.152e-05,5.152e-05,490.0,2019-12-12 16:00:00
1439,1576162800000,5.168e-05,5.184e-05,5.145e-05,5.173e-05,4719.0,2019-12-12 15:00:00
1440,1576159200000,5.18e-05,5.181e-05,5.168e-05,5.168e-05,667.0,2019-12-12 14:00:00
1441,1576155600000,5.149e-05,5.188e-05,5.149e-05,5.181e-05,3303.0,2019-12-12 13:00:00
1442,1576152000000,5.162e-05,5.173e-05,5.144e-05,5.172e-05,1354.0,2019-12-12 12:00:00
1443,1576148400000,5.17e-05,5.17e-05,5.161e-05,5.161e-05,773.0,2019-12-12 11:00:00
1444,1576144800000,5.185e-05,5.206e-05,5.159e-05,5.173e-05,5739.0,2019-12-12 10:00:00
1445,1576141200000,5.196e-05,5.199e-05,5.163e-05,5.196e-05,4719.0,2019-12-12 09:00:00
1446,1576137600000,5.168e-05,5.199e-05,5.168e-05,5.182e-05,6027.0,2019-12-12 08:00:00
1447,1576134000000,5.19e-05,5.19e-05,5.167e-05,5.168e-05,3066.0,2019-12-12 07:00:00
1448,1576130400000,5.183e-05,5.213e-05,5.174e-05,5.189e-05,5927.0,2019-12-12 06:00:00
1449,1576126800000,5.189e-05,5.211e-05,5.183e-05,5.183e-05,3775.0,2019-12-12 05:00:00
1450,1576123200000,5.237e-05,5.238e-05,5.184e-05,5.205e-05,4014.0,2019-12-12 04:00:00
1451,1576119600000,5.223e-05,5.239e-05,5.223e-05,5.238e-05,1923.0,2019-12-12 03:00:00
1452,1576116000000,5.216e-05,5.266e-05,5.212e-05,5.223e-05,4516.0,2019-12-12 02:00:00
1453,1576112400000,5.221e-05,5.268e-05,5.209e-05,5.22e-05,5383.0,2019-12-12 01:00:00
1454,1576108800000,5.184e-05,5.242e-05,5.183e-05,5.221e-05,9109.0,2019-12-12 00:00:00
1455,1576105200000,5.198e-05,5.201e-05,5.184e-05,5.184e-05,713.0,2019-12-11 23:00:00
1456,1576101600000,5.196e-05,5.196e-05,5.154e-05,5.183e-05,1095.0,2019-12-11 22:00:00
1457,1576098000000,5.197e-05,5.197e-05,5.187e-05,5.197e-05,498.0,2019-12-11 21:00:00
1458,1576094400000,5.224e-05,5.238e-05,5.197e-05,5.201e-05,1908.0,2019-12-11 20:00:00
1459,1576090800000,5.237e-05,5.237e-05,5.191e-05,5.223e-05,9192.0,2019-12-11 19:00:00
1460,1576087200000,5.234e-05,5.237e-05,5.21e-05,5.237e-05,3177.0,2019-12-11 18:00:00
1461,1576083600000,5.216e-05,5.234e-05,5.211e-05,5.234e-05,1837.0,2019-12-11 17:00:00
1462,1576080000000,5.213e-05,5.234e-05,5.21e-05,5.234e-05,1899.0,2019-12-11 16:00:00
1463,1576076400000,5.177e-05,5.276e-05,5.139e-05,5.21e-05,36043.0,2019-12-11 15:00:00
1464,1576072800000,5.155e-05,5.186e-05,5.134e-05,5.161e-05,8773.0,2019-12-11 14:00:00
1465,1576069200000,5.12e-05,5.155e-05,5.12e-05,5.13e-05,8300.0,2019-12-11 13:00:00
1466,1576065600000,5.138e-05,5.14e-05,5.1e-05,5.14e-05,4620.0,2019-12-11 12:00:00
1467,1576062000000,5.132e-05,5.155e-05,5.099e-05,5.139e-05,7816.0,2019-12-11 11:00:00
1468,1576058400000,5.132e-05,5.15e-05,5.131e-05,5.132e-05,6382.0,2019-12-11 10:00:00
1469,1576054800000,5.136e-05,5.164e-05,5.117e-05,5.133e-05,28825.0,2019-12-11 09:00:00
1470,1576051200000,5.171e-05,5.171e-05,5.11e-05,5.153e-05,4754.0,2019-12-11 08:00:00
1471,1576047600000,5.17e-05,5.171e-05,5.147e-05,5.171e-05,1056.0,2019-12-11 07:00:00
1472,1576044000000,5.191e-05,5.191e-05,5.155e-05,5.169e-05,12582.0,2019-12-11 06:00:00
1473,1576040400000,5.2e-05,5.211e-05,5.186e-05,5.192e-05,4055.0,2019-12-11 05:00:00
1474,1576036800000,5.226e-05,5.245e-05,5.17e-05,5.201e-05,14295.0,2019-12-11 04:00:00
1475,1576033200000,5.225e-05,5.244e-05,5.205e-05,5.238e-05,7111.0,2019-12-11 03:00:00
1476,1576029600000,5.22e-05,5.246e-05,5.184e-05,5.202e-05,10176.0,2019-12-11 02:00:00
1477,1576026000000,5.188e-05,5.234e-05,5.17e-05,5.209e-05,10720.0,2019-12-11 01:00:00
1478,1576022400000,5.2e-05,5.278e-05,5.167e-05,5.183e-05,47305.0,2019-12-11 00:00:00
1479,1576018800000,5.147e-05,5.199e-05,5.134e-05,5.198e-05,9632.0,2019-12-10 23:00:00
1480,1576015200000,5.132e-05,5.15e-05,5.101e-05,5.149e-05,7235.0,2019-12-10 22:00:00
1481,1576011600000,5.134e-05,5.16e-05,5.115e-05,5.135e-05,1528.0,2019-12-10 21:00:00
1482,1576008000000,5.132e-05,5.167e-05,5.113e-05,5.138e-05,2581.0,2019-12-10 20:00:00
1483,1576004400000,5.161e-05,5.183e-05,5.131e-05,5.149e-05,10411.0,2019-12-10 19:00:00
1484,1576000800000,5.179e-05,5.195e-05,5.122e-05,5.161e-05,17341.0,2019-12-10 18:00:00
1485,1575997200000,5.107e-05,5.2e-05,5.098e-05,5.19e-05,31615.0,2019-12-10 17:00:00
1486,1575993600000,5.108e-05,5.124e-05,5.076e-05,5.124e-05,4227.0,2019-12-10 16:00:00
1487,1575990000000,5.124e-05,5.124e-05,5.053e-05,5.07e-05,15289.0,2019-12-10 15:00:00
1488,1575986400000,5.116e-05,5.14e-05,5.096e-05,5.124e-05,17031.0,2019-12-10 14:00:00
1489,1575982800000,5.069e-05,5.139e-05,5.069e-05,5.107e-05,16453.0,2019-12-10 13:00:00
1490,1575979200000,5.075e-05,5.095e-05,5.046e-05,5.067e-05,6358.0,2019-12-10 12:00:00
1491,1575975600000,5.052e-05,5.076e-05,5.048e-05,5.076e-05,650.0,2019-12-10 11:00:00
1492,1575972000000,5.049e-05,5.088e-05,5.041e-05,5.062e-05,9052.0,2019-12-10 10:00:00
1493,1575968400000,5.061e-05,5.109e-05,5.035e-05,5.049e-05,13521.0,2019-12-10 09:00:00
1494,1575964800000,5.035e-05,5.054e-05,5.035e-05,5.054e-05,965.0,2019-12-10 08:00:00
1495,1575961200000,5.016e-05,5.037e-05,5.005e-05,5.036e-05,19497.0,2019-12-10 07:00:00
1496,1575957600000,5.028e-05,5.028e-05,5.004e-05,5.008e-05,6618.0,2019-12-10 06:00:00
1497,1575954000000,5.005e-05,5.031e-05,4.985e-05,5.002e-05,9034.0,2019-12-10 05:00:00
1498,1575950400000,5.007e-05,5.027e-05,4.977e-05,4.999e-05,8068.0,2019-12-10 04:00:00
1499,1575946800000,5.048e-05,5.055e-05,4.997e-05,5e-05,8882.0,2019-12-10 03:00:00
1500,1575943200000,5.085e-05,5.114e-05,5.048e-05,5.064e-05,3195.0,2019-12-10 02:00:00
1501,1575939600000,5.091e-05,5.113e-05,5.012e-05,5.085e-05,20901.0,2019-12-10 01:00:00
1502,1575936000000,5.087e-05,5.118e-05,5.068e-05,5.118e-05,4387.0,2019-12-10 00:00:00
1503,1575932400000,5.085e-05,5.097e-05,5.069e-05,5.09e-05,1596.0,2019-12-09 23:00:00
1504,1575928800000,5.101e-05,5.117e-05,5.086e-05,5.087e-05,2877.0,2019-12-09 22:00:00
1505,1575925200000,5.109e-05,5.109e-05,5.105e-05,5.105e-05,236.0,2019-12-09 21:00:00
1506,1575921600000,5.103e-05,5.139e-05,5.086e-05,5.114e-05,6494.0,2019-12-09 20:00:00
1507,1575918000000,5.083e-05,5.105e-05,5.063e-05,5.104e-05,1354.0,2019-12-09 19:00:00
1508,1575914400000,5.05e-05,5.05e-05,5.045e-05,5.05e-05,2867.0,2019-12-09 18:00:00
1509,1575910800000,5.098e-05,5.099e-05,5.047e-05,5.063e-05,1766.0,2019-12-09 17:00:00
1510,1575907200000,5.087e-05,5.114e-05,5.055e-05,5.101e-05,16255.0,2019-12-09 16:00:00
1511,1575903600000,5.048e-05,5.091e-05,4.999e-05,5.087e-05,25360.0,2019-12-09 15:00:00
1512,1575900000000,5.062e-05,5.084e-05,5.012e-05,5.055e-05,9648.0,2019-12-09 14:00:00
1513,1575896400000,5.113e-05,5.113e-05,5e-05,5.059e-05,108930.0,2019-12-09 13:00:00
1514,1575892800000,5.081e-05,5.115e-05,5.08e-05,5.112e-05,10201.0,2019-12-09 12:00:00
1515,1575889200000,5.083e-05,5.098e-05,5.08e-05,5.093e-05,12341.0,2019-12-09 11:00:00
1516,1575885600000,5.096e-05,5.107e-05,5.08e-05,5.084e-05,5709.0,2019-12-09 10:00:00
1517,1575882000000,5.099e-05,5.135e-05,5.08e-05,5.114e-05,9889.0,2019-12-09 09:00:00
1518,1575878400000,5.114e-05,5.129e-05,5.093e-05,5.1e-05,19778.0,2019-12-09 08:00:00
1519,1575874800000,5.118e-05,5.14e-05,5.114e-05,5.114e-05,5931.0,2019-12-09 07:00:00
1520,1575871200000,5.098e-05,5.118e-05,5.091e-05,5.115e-05,3497.0,2019-12-09 06:00:00
1521,1575867600000,5.082e-05,5.105e-05,5.081e-05,5.101e-05,2437.0,2019-12-09 05:00:00
1522,1575864000000,5.106e-05,5.109e-05,5.068e-05,5.08e-05,2869.0,2019-12-09 04:00:00
1523,1575860400000,5.102e-05,5.122e-05,5.069e-05,5.106e-05,14949.0,2019-12-09 03:00:00
1524,1575856800000,5.08e-05,5.102e-05,5.08e-05,5.102e-05,7570.0,2019-12-09 02:00:00
1525,1575853200000,5.111e-05,5.112e-05,5.08e-05,5.08e-05,18137.0,2019-12-09 01:00:00
1526,1575849600000,5.177e-05,5.177e-05,5.11e-05,5.117e-05,7878.0,2019-12-09 00:00:00
1527,1575846000000,5.156e-05,5.196e-05,5.134e-05,5.159e-05,11428.0,2019-12-08 23:00:00
1528,1575842400000,5.153e-05,5.165e-05,5.121e-05,5.141e-05,9616.0,2019-12-08 22:00:00
1529,1575838800000,5.151e-05,5.17e-05,5.133e-05,5.133e-05,7930.0,2019-12-08 21:00:00
1530,1575835200000,5.135e-05,5.183e-05,5.126e-05,5.151e-05,4142.0,2019-12-08 20:00:00
1531,1575831600000,5.119e-05,5.158e-05,5.119e-05,5.154e-05,5482.0,2019-12-08 19:00:00
1532,1575828000000,5.154e-05,5.165e-05,5.11e-05,5.11e-05,17230.0,2019-12-08 18:00:00
1533,1575824400000,5.109e-05,5.154e-05,5.109e-05,5.154e-05,19555.0,2019-12-08 17:00:00
1534,1575820800000,5.079e-05,5.162e-05,5.072e-05,5.101e-05,35000.0,2019-12-08 16:00:00
1535,1575817200000,5.101e-05,5.101e-05,5.072e-05,5.078e-05,6652.0,2019-12-08 15:00:00
1536,1575813600000,5.063e-05,5.102e-05,5.05e-05,5.101e-05,41113.0,2019-12-08 14:00:00
1537,1575810000000,5.054e-05,5.078e-05,5.054e-05,5.077e-05,4660.0,2019-12-08 13:00:00
1538,1575806400000,5.063e-05,5.091e-05,5.054e-05,5.054e-05,4294.0,2019-12-08 12:00:00
1539,1575802800000,5.088e-05,5.088e-05,5.062e-05,5.062e-05,2886.0,2019-12-08 11:00:00
1540,1575799200000,5.078e-05,5.079e-05,5.061e-05,5.079e-05,3340.0,2019-12-08 10:00:00
1541,1575795600000,5.088e-05,5.104e-05,5.074e-05,5.074e-05,9722.0,2019-12-08 09:00:00
1542,1575792000000,5.06e-05,5.104e-05,5.054e-05,5.098e-05,12133.0,2019-12-08 08:00:00
1543,1575788400000,5.078e-05,5.092e-05,5.076e-05,5.077e-05,5897.0,2019-12-08 07:00:00
1544,1575784800000,5.079e-05,5.085e-05,5.063e-05,5.078e-05,3061.0,2019-12-08 06:00:00
1545,1575781200000,5.054e-05,5.059e-05,5.054e-05,5.059e-05,2191.0,2019-12-08 05:00:00
1546,1575777600000,5.023e-05,5.059e-05,5.023e-05,5.054e-05,2591.0,2019-12-08 04:00:00
1547,1575774000000,5.024e-05,5.047e-05,5.023e-05,5.023e-05,2317.0,2019-12-08 03:00:00
1548,1575770400000,5.038e-05,5.081e-05,5.023e-05,5.023e-05,13331.0,2019-12-08 02:00:00
1549,1575766800000,5.062e-05,5.074e-05,5.023e-05,5.023e-05,27172.0,2019-12-08 01:00:00
1550,1575763200000,5.058e-05,5.075e-05,5.042e-05,5.064e-05,25532.0,2019-12-08 00:00:00
1551,1575759600000,5.076e-05,5.084e-05,5.057e-05,5.057e-05,2754.0,2019-12-07 23:00:00
1552,1575756000000,5.06e-05,5.06e-05,5.056e-05,5.056e-05,6461.0,2019-12-07 22:00:00
1553,1575752400000,5.062e-05,5.077e-05,5.06e-05,5.06e-05,4361.0,2019-12-07 21:00:00
1554,1575748800000,5.062e-05,5.062e-05,5.062e-05,5.062e-05,51.0,2019-12-07 20:00:00
1555,1575745200000,5.06e-05,5.066e-05,5.06e-05,5.061e-05,3792.0,2019-12-07 19:00:00
1556,1575741600000,5.075e-05,5.085e-05,5.06e-05,5.06e-05,6342.0,2019-12-07 18:00:00
1557,1575738000000,5.093e-05,5.103e-05,5.061e-05,5.062e-05,11494.0,2019-12-07 17:00:00
1558,1575734400000,5.012e-05,5.103e-05,5.012e-05,5.093e-05,38942.0,2019-12-07 16:00:00
1559,1575730800000,5.003e-05,5.013e-05,4.96e-05,5.013e-05,5642.0,2019-12-07 15:00:00
1560,1575727200000,5.021e-05,5.023e-05,5.003e-05,5.003e-05,2486.0,2019-12-07 14:00:00
1561,1575723600000,5.021e-05,5.023e-05,5.003e-05,5.004e-05,1070.0,2019-12-07 13:00:00
1562,1575720000000,5.015e-05,5.036e-05,4.995e-05,5.008e-05,2628.0,2019-12-07 12:00:00
1563,1575716400000,5.001e-05,5.015e-05,4.993e-05,5.015e-05,6696.0,2019-12-07 11:00:00
1564,1575712800000,5.009e-05,5.015e-05,4.991e-05,5.011e-05,955.0,2019-12-07 10:00:00
1565,1575709200000,4.989e-05,4.992e-05,4.985e-05,4.985e-05,1815.0,2019-12-07 09:00:00
1566,1575705600000,5.004e-05,5.039e-05,5.004e-05,5.004e-05,3777.0,2019-12-07 08:00:00
1567,1575702000000,4.997e-05,5.022e-05,4.997e-05,5.01e-05,13102.0,2019-12-07 07:00:00
1568,1575698400000,4.994e-05,5.01e-05,4.977e-05,4.979e-05,2333.0,2019-12-07 06:00:00
1569,1575694800000,4.994e-05,4.994e-05,4.993e-05,4.993e-05,17.0,2019-12-07 05:00:00
1570,1575691200000,5.04e-05,5.04e-05,5.004e-05,5.004e-05,1207.0,2019-12-07 04:00:00
1571,1575687600000,4.959e-05,5.042e-05,4.943e-05,5.025e-05,17752.0,2019-12-07 03:00:00
1572,1575684000000,4.973e-05,4.996e-05,4.924e-05,4.96e-05,19163.0,2019-12-07 02:00:00
1573,1575680400000,4.968e-05,4.984e-05,4.945e-05,4.971e-05,11856.0,2019-12-07 01:00:00
1574,1575676800000,5e-05,5.033e-05,4.971e-05,4.971e-05,12858.0,2019-12-07 00:00:00
1575,1575673200000,4.984e-05,4.998e-05,4.966e-05,4.99e-05,5352.0,2019-12-06 23:00:00
1576,1575669600000,4.991e-05,4.991e-05,4.983e-05,4.983e-05,771.0,2019-12-06 22:00:00
1577,1575666000000,5.026e-05,5.026e-05,4.984e-05,4.984e-05,17317.0,2019-12-06 21:00:00
1578,1575662400000,5.031e-05,5.042e-05,5.024e-05,5.042e-05,20019.0,2019-12-06 20:00:00
1579,1575658800000,5.017e-05,5.04e-05,5.014e-05,5.033e-05,3814.0,2019-12-06 19:00:00
1580,1575655200000,4.978e-05,5.018e-05,4.978e-05,5.009e-05,2729.0,2019-12-06 18:00:00
1581,1575651600000,5.02e-05,5.03e-05,4.975e-05,4.975e-05,5911.0,2019-12-06 17:00:00
1582,1575648000000,5.02e-05,5.02e-05,5.012e-05,5.02e-05,1614.0,2019-12-06 16:00:00
1583,1575644400000,5.009e-05,5.01e-05,5.003e-05,5.01e-05,513.0,2019-12-06 15:00:00
1584,1575640800000,5.004e-05,5.036e-05,5.004e-05,5.021e-05,4732.0,2019-12-06 14:00:00
1585,1575637200000,5.002e-05,5.041e-05,5.002e-05,5.021e-05,9153.0,2019-12-06 13:00:00
1586,1575633600000,5.028e-05,5.036e-05,5.004e-05,5.008e-05,6021.0,2019-12-06 12:00:00
1587,1575630000000,5.025e-05,5.034e-05,5.005e-05,5.034e-05,5716.0,2019-12-06 11:00:00
1588,1575626400000,5.022e-05,5.029e-05,5.02e-05,5.025e-05,6569.0,2019-12-06 10:00:00
1589,1575622800000,5.042e-05,5.042e-05,5.022e-05,5.04e-05,4048.0,2019-12-06 09:00:00
1590,1575619200000,5.042e-05,5.042e-05,5.04e-05,5.042e-05,225.0,2019-12-06 08:00:00
1591,1575615600000,5.052e-05,5.053e-05,5.022e-05,5.042e-05,3334.0,2019-12-06 07:00:00
1592,1575612000000,5.085e-05,5.099e-05,5.026e-05,5.064e-05,22792.0,2019-12-06 06:00:00
1593,1575608400000,5.081e-05,5.085e-05,5.05e-05,5.085e-05,1967.0,2019-12-06 05:00:00
1594,1575604800000,5.077e-05,5.098e-05,5.077e-05,5.082e-05,1645.0,2019-12-06 04:00:00
1595,1575601200000,5.072e-05,5.089e-05,5.066e-05,5.071e-05,2025.0,2019-12-06 03:00:00
1596,1575597600000,5.043e-05,5.07e-05,5.042e-05,5.07e-05,2533.0,2019-12-06 02:00:00
1597,1575594000000,5.046e-05,5.059e-05,5.013e-05,5.05e-05,11643.0,2019-12-06 01:00:00
1598,1575590400000,5.085e-05,5.1e-05,5.043e-05,5.043e-05,7604.0,2019-12-06 00:00:00
1599,1575586800000,5.012e-05,5.106e-05,4.98e-05,5.09e-05,13829.0,2019-12-05 23:00:00
1600,1575583200000,5.025e-05,5.025e-05,5.024e-05,5.025e-05,95.0,2019-12-05 22:00:00
1601,1575579600000,5.022e-05,5.06e-05,5.022e-05,5.025e-05,2583.0,2019-12-05 21:00:00
1602,1575576000000,5.041e-05,5.068e-05,4.998e-05,5.042e-05,16853.0,2019-12-05 20:00:00
1603,1575572400000,5.047e-05,5.064e-05,5.032e-05,5.054e-05,1543.0,2019-12-05 19:00:00
1604,1575568800000,5.04e-05,5.052e-05,5.019e-05,5.022e-05,3395.0,2019-12-05 18:00:00
1605,1575565200000,5.093e-05,5.093e-05,5.03e-05,5.07e-05,5279.0,2019-12-05 17:00:00
1606,1575561600000,5.059e-05,5.087e-05,5.037e-05,5.074e-05,5491.0,2019-12-05 16:00:00
1607,1575558000000,5.007e-05,5.071e-05,5.007e-05,5.071e-05,6090.0,2019-12-05 15:00:00
1608,1575554400000,5.028e-05,5.047e-05,5.01e-05,5.01e-05,3091.0,2019-12-05 14:00:00
1609,1575550800000,5.04e-05,5.04e-05,4.993e-05,5.012e-05,5948.0,2019-12-05 13:00:00
1610,1575547200000,5.044e-05,5.057e-05,5.031e-05,5.057e-05,6078.0,2019-12-05 12:00:00
1611,1575543600000,5.054e-05,5.054e-05,5.042e-05,5.042e-05,1244.0,2019-12-05 11:00:00
1612,1575540000000,5.075e-05,5.093e-05,5.053e-05,5.053e-05,2917.0,2019-12-05 10:00:00
1613,1575536400000,5.042e-05,5.118e-05,5.038e-05,5.07e-05,8383.0,2019-12-05 09:00:00
1614,1575532800000,5.068e-05,5.07e-05,5.042e-05,5.042e-05,2543.0,2019-12-05 08:00:00
1615,1575529200000,5.093e-05,5.105e-05,5.038e-05,5.068e-05,9401.0,2019-12-05 07:00:00
1616,1575525600000,5.129e-05,5.133e-05,5.063e-05,5.063e-05,11121.0,2019-12-05 06:00:00
1617,1575522000000,5.115e-05,5.15e-05,5.096e-05,5.13e-05,19844.0,2019-12-05 05:00:00
1618,1575518400000,5.103e-05,5.145e-05,5.101e-05,5.13e-05,6677.0,2019-12-05 04:00:00
1619,1575514800000,5.103e-05,5.104e-05,5.103e-05,5.104e-05,797.0,2019-12-05 03:00:00
1620,1575511200000,5.114e-05,5.129e-05,5.1e-05,5.128e-05,10477.0,2019-12-05 02:00:00
1621,1575507600000,5.13e-05,5.138e-05,5.095e-05,5.118e-05,5002.0,2019-12-05 01:00:00
1622,1575504000000,5.102e-05,5.164e-05,5.102e-05,5.11e-05,2689.0,2019-12-05 00:00:00
1623,1575500400000,5.077e-05,5.131e-05,5.076e-05,5.121e-05,3791.0,2019-12-04 23:00:00
1624,1575496800000,5.099e-05,5.103e-05,5.07e-05,5.099e-05,261.0,2019-12-04 22:00:00
1625,1575493200000,5.114e-05,5.115e-05,5.052e-05,5.078e-05,10375.0,2019-12-04 21:00:00
1626,1575489600000,5.065e-05,5.169e-05,5.065e-05,5.117e-05,19642.0,2019-12-04 20:00:00
1627,1575486000000,5.062e-05,5.062e-05,5.032e-05,5.059e-05,1477.0,2019-12-04 19:00:00
1628,1575482400000,5.055e-05,5.083e-05,5.055e-05,5.083e-05,823.0,2019-12-04 18:00:00
1629,1575478800000,5.087e-05,5.099e-05,5.051e-05,5.054e-05,12296.0,2019-12-04 17:00:00
1630,1575475200000,5.058e-05,5.094e-05,5.051e-05,5.094e-05,1860.0,2019-12-04 16:00:00
1631,1575471600000,5.058e-05,5.079e-05,5.051e-05,5.078e-05,3889.0,2019-12-04 15:00:00
1632,1575468000000,5.03e-05,5.077e-05,5.022e-05,5.052e-05,7460.0,2019-12-04 14:00:00
1633,1575464400000,5.145e-05,5.17e-05,4.967e-05,5.03e-05,47011.0,2019-12-04 13:00:00
1634,1575460800000,5.107e-05,5.214e-05,5.093e-05,5.155e-05,14313.0,2019-12-04 12:00:00
1635,1575457200000,5.125e-05,5.131e-05,5.104e-05,5.13e-05,2147.0,2019-12-04 11:00:00
1636,1575453600000,5.128e-05,5.132e-05,5.106e-05,5.116e-05,3857.0,2019-12-04 10:00:00
1637,1575450000000,5.13e-05,5.13e-05,5.089e-05,5.128e-05,14024.0,2019-12-04 09:00:00
1638,1575446400000,5.152e-05,5.157e-05,5.094e-05,5.115e-05,18893.0,2019-12-04 08:00:00
1639,1575442800000,5.135e-05,5.152e-05,5.135e-05,5.143e-05,505.0,2019-12-04 07:00:00
1640,1575439200000,5.133e-05,5.154e-05,5.12e-05,5.146e-05,1076.0,2019-12-04 06:00:00
1641,1575435600000,5.117e-05,5.2e-05,5.106e-05,5.135e-05,6123.0,2019-12-04 05:00:00
1642,1575432000000,5.151e-05,5.151e-05,5.097e-05,5.104e-05,1176.0,2019-12-04 04:00:00
1643,1575428400000,5.149e-05,5.161e-05,5.132e-05,5.151e-05,659.0,2019-12-04 03:00:00
1644,1575424800000,5.139e-05,5.15e-05,5.126e-05,5.15e-05,1359.0,2019-12-04 02:00:00
1645,1575421200000,5.178e-05,5.178e-05,5.124e-05,5.127e-05,7911.0,2019-12-04 01:00:00
1646,1575417600000,5.124e-05,5.2e-05,5.074e-05,5.186e-05,21106.0,2019-12-04 00:00:00
1647,1575414000000,5.135e-05,5.136e-05,5.09e-05,5.114e-05,777.0,2019-12-03 23:00:00
1648,1575410400000,5.14e-05,5.142e-05,5.138e-05,5.139e-05,332.0,2019-12-03 22:00:00
1649,1575406800000,5.126e-05,5.134e-05,5.125e-05,5.127e-05,651.0,2019-12-03 21:00:00
1650,1575403200000,5.149e-05,5.153e-05,5.125e-05,5.126e-05,9434.0,2019-12-03 20:00:00
1651,1575399600000,5.15e-05,5.154e-05,5.14e-05,5.153e-05,1514.0,2019-12-03 19:00:00
1652,1575396000000,5.101e-05,5.151e-05,5.084e-05,5.151e-05,9732.0,2019-12-03 18:00:00
1653,1575392400000,5.13e-05,5.13e-05,5.082e-05,5.106e-05,3267.0,2019-12-03 17:00:00
1654,1575388800000,5.11e-05,5.131e-05,5.072e-05,5.103e-05,7091.0,2019-12-03 16:00:00
1655,1575385200000,5.093e-05,5.117e-05,5.084e-05,5.116e-05,4044.0,2019-12-03 15:00:00
1656,1575381600000,5.122e-05,5.123e-05,5.069e-05,5.069e-05,4083.0,2019-12-03 14:00:00
1657,1575378000000,5.113e-05,5.133e-05,5.085e-05,5.122e-05,5256.0,2019-12-03 13:00:00
1658,1575374400000,5.144e-05,5.145e-05,5.111e-05,5.111e-05,2712.0,2019-12-03 12:00:00
1659,1575370800000,5.117e-05,5.136e-05,5.092e-05,5.125e-05,2455.0,2019-12-03 11:00:00
1660,1575367200000,5.114e-05,5.12e-05,5.077e-05,5.117e-05,3639.0,2019-12-03 10:00:00
1661,1575363600000,5.134e-05,5.148e-05,5.1e-05,5.137e-05,8503.0,2019-12-03 09:00:00
1662,1575360000000,5.125e-05,5.161e-05,5.119e-05,5.13e-05,10029.0,2019-12-03 08:00:00
1663,1575356400000,5.136e-05,5.164e-05,5.125e-05,5.156e-05,2639.0,2019-12-03 07:00:00
1664,1575352800000,5.167e-05,5.179e-05,5.117e-05,5.136e-05,3557.0,2019-12-03 06:00:00
1665,1575349200000,5.167e-05,5.187e-05,5.143e-05,5.18e-05,5518.0,2019-12-03 05:00:00
1666,1575345600000,5.189e-05,5.214e-05,5.11e-05,5.167e-05,24636.0,2019-12-03 04:00:00
1667,1575342000000,5.21e-05,5.216e-05,5.171e-05,5.178e-05,1176.0,2019-12-03 03:00:00
1668,1575338400000,5.204e-05,5.216e-05,5.152e-05,5.21e-05,4365.0,2019-12-03 02:00:00
1669,1575334800000,5.143e-05,5.19e-05,5.139e-05,5.173e-05,11918.0,2019-12-03 01:00:00
1670,1575331200000,5.169e-05,5.216e-05,5.13e-05,5.146e-05,11336.0,2019-12-03 00:00:00
1671,1575327600000,5.167e-05,5.201e-05,5.123e-05,5.19e-05,19358.0,2019-12-02 23:00:00
1672,1575324000000,5.178e-05,5.204e-05,5.162e-05,5.164e-05,1836.0,2019-12-02 22:00:00
1673,1575320400000,5.2e-05,5.201e-05,5.171e-05,5.179e-05,335.0,2019-12-02 21:00:00
1674,1575316800000,5.213e-05,5.213e-05,5.174e-05,5.174e-05,2447.0,2019-12-02 20:00:00
1675,1575313200000,5.199e-05,5.216e-05,5.172e-05,5.215e-05,2481.0,2019-12-02 19:00:00
1676,1575309600000,5.176e-05,5.199e-05,5.176e-05,5.199e-05,559.0,2019-12-02 18:00:00
1677,1575306000000,5.166e-05,5.211e-05,5.157e-05,5.211e-05,3736.0,2019-12-02 17:00:00
1678,1575302400000,5.181e-05,5.182e-05,5.165e-05,5.166e-05,1522.0,2019-12-02 16:00:00
1679,1575298800000,5.214e-05,5.216e-05,5.138e-05,5.175e-05,19362.0,2019-12-02 15:00:00
1680,1575295200000,5.244e-05,5.251e-05,5.204e-05,5.214e-05,5272.0,2019-12-02 14:00:00
1681,1575291600000,5.2e-05,5.265e-05,5.161e-05,5.244e-05,5966.0,2019-12-02 13:00:00
1682,1575288000000,5.257e-05,5.288e-05,5.198e-05,5.204e-05,11525.0,2019-12-02 12:00:00
1683,1575284400000,5.198e-05,5.246e-05,5.164e-05,5.234e-05,3266.0,2019-12-02 11:00:00
1684,1575280800000,5.247e-05,5.247e-05,5.159e-05,5.196e-05,7868.0,2019-12-02 10:00:00
1685,1575277200000,5.185e-05,5.298e-05,5.155e-05,5.259e-05,21875.0,2019-12-02 09:00:00
1686,1575273600000,5.165e-05,5.185e-05,5.165e-05,5.185e-05,3712.0,2019-12-02 08:00:00
1687,1575270000000,5.123e-05,5.168e-05,5.115e-05,5.168e-05,7840.0,2019-12-02 07:00:00
1688,1575266400000,5.199e-05,5.248e-05,5.13e-05,5.152e-05,8446.0,2019-12-02 06:00:00
1689,1575262800000,5.265e-05,5.299e-05,5.198e-05,5.224e-05,22756.0,2019-12-02 05:00:00
1690,1575259200000,5.123e-05,5.281e-05,5.119e-05,5.248e-05,17081.0,2019-12-02 04:00:00
1691,1575255600000,5.093e-05,5.123e-05,5.093e-05,5.123e-05,21077.0,2019-12-02 03:00:00
1692,1575252000000,5.089e-05,5.119e-05,5.077e-05,5.116e-05,1462.0,2019-12-02 02:00:00
1693,1575248400000,5.091e-05,5.12e-05,5.07e-05,5.074e-05,12932.0,2019-12-02 01:00:00
1694,1575244800000,5.081e-05,5.117e-05,5.078e-05,5.103e-05,985.0,2019-12-02 00:00:00
1695,1575241200000,5.123e-05,5.126e-05,5.046e-05,5.104e-05,9098.0,2019-12-01 23:00:00
1696,1575237600000,5.101e-05,5.134e-05,5.1e-05,5.123e-05,6141.0,2019-12-01 22:00:00
1697,1575234000000,5.074e-05,5.103e-05,5.069e-05,5.1e-05,6476.0,2019-12-01 21:00:00
1698,1575230400000,5.09e-05,5.109e-05,5.046e-05,5.071e-05,15332.0,2019-12-01 20:00:00
1699,1575226800000,5.095e-05,5.116e-05,5.086e-05,5.087e-05,11691.0,2019-12-01 19:00:00
1700,1575223200000,5.116e-05,5.116e-05,5.09e-05,5.114e-05,21648.0,2019-12-01 18:00:00
1701,1575219600000,5.114e-05,5.143e-05,5.11e-05,5.116e-05,6814.0,2019-12-01 17:00:00
1702,1575216000000,5.12e-05,5.14e-05,5.099e-05,5.122e-05,11279.0,2019-12-01 16:00:00
1703,1575212400000,5.107e-05,5.137e-05,5.077e-05,5.099e-05,13280.0,2019-12-01 15:00:00
1704,1575208800000,5.086e-05,5.118e-05,5.085e-05,5.089e-05,6209.0,2019-12-01 14:00:00
1705,1575205200000,5.087e-05,5.116e-05,5.055e-05,5.091e-05,13693.0,2019-12-01 13:00:00
1706,1575201600000,5.094e-05,5.099e-05,5.049e-05,5.066e-05,6882.0,2019-12-01 12:00:00
1707,1575198000000,5.096e-05,5.108e-05,5.063e-05,5.098e-05,14422.0,2019-12-01 11:00:00
1708,1575194400000,5.104e-05,5.119e-05,5.059e-05,5.105e-05,15206.0,2019-12-01 10:00:00
1709,1575190800000,5.144e-05,5.163e-05,5.104e-05,5.104e-05,4511.0,2019-12-01 09:00:00
1710,1575187200000,5.107e-05,5.154e-05,5.087e-05,5.144e-05,12451.0,2019-12-01 08:00:00
1711,1575183600000,5.102e-05,5.192e-05,5.102e-05,5.12e-05,7656.0,2019-12-01 07:00:00
1712,1575180000000,5.076e-05,5.102e-05,5.06e-05,5.102e-05,11661.0,2019-12-01 06:00:00
1713,1575176400000,5.051e-05,5.103e-05,5.028e-05,5.076e-05,13439.0,2019-12-01 05:00:00
1714,1575172800000,5.052e-05,5.058e-05,5.023e-05,5.056e-05,3957.0,2019-12-01 04:00:00
1715,1575169200000,5.106e-05,5.12e-05,5.02e-05,5.047e-05,36447.0,2019-12-01 03:00:00
1716,1575165600000,5.091e-05,5.12e-05,5.079e-05,5.106e-05,8031.0,2019-12-01 02:00:00
1717,1575162000000,5.116e-05,5.122e-05,5.075e-05,5.092e-05,6345.0,2019-12-01 01:00:00
1718,1575158400000,5.085e-05,5.144e-05,5.07e-05,5.096e-05,10104.0,2019-12-01 00:00:00
1719,1575154800000,5.081e-05,5.087e-05,5.066e-05,5.069e-05,1254.0,2019-11-30 23:00:00
1720,1575151200000,5.061e-05,5.08e-05,5.05e-05,5.059e-05,8256.0,2019-11-30 22:00:00
1721,1575147600000,5.055e-05,5.106e-05,5.041e-05,5.084e-05,5954.0,2019-11-30 21:00:00
1722,1575144000000,5.086e-05,5.086e-05,5.054e-05,5.054e-05,2135.0,2019-11-30 20:00:00
1723,1575140400000,5.081e-05,5.092e-05,5.066e-05,5.092e-05,1837.0,2019-11-30 19:00:00
1724,1575136800000,5.101e-05,5.149e-05,5.08e-05,5.082e-05,9185.0,2019-11-30 18:00:00
1725,1575133200000,5.095e-05,5.128e-05,5.065e-05,5.127e-05,10703.0,2019-11-30 17:00:00
1726,1575129600000,5.085e-05,5.114e-05,5.07e-05,5.095e-05,5417.0,2019-11-30 16:00:00
1727,1575126000000,5.05e-05,5.114e-05,5.035e-05,5.06e-05,21687.0,2019-11-30 15:00:00
1728,1575122400000,5.064e-05,5.066e-05,5.024e-05,5.05e-05,11127.0,2019-11-30 14:00:00
1729,1575118800000,5.057e-05,5.086e-05,5.031e-05,5.075e-05,9118.0,2019-11-30 13:00:00
1730,1575115200000,5.051e-05,5.053e-05,5.031e-05,5.053e-05,2996.0,2019-11-30 12:00:00
1731,1575111600000,5.066e-05,5.075e-05,5.021e-05,5.051e-05,9566.0,2019-11-30 11:00:00
1732,1575108000000,5.038e-05,5.072e-05,5.028e-05,5.064e-05,20467.0,2019-11-30 10:00:00
1733,1575104400000,5.075e-05,5.076e-05,5.02e-05,5.044e-05,20817.0,2019-11-30 09:00:00
1734,1575100800000,5.098e-05,5.118e-05,5.06e-05,5.086e-05,8829.0,2019-11-30 08:00:00
1735,1575097200000,5.091e-05,5.118e-05,5.069e-05,5.107e-05,3357.0,2019-11-30 07:00:00
1736,1575093600000,5.087e-05,5.1e-05,5.067e-05,5.089e-05,7673.0,2019-11-30 06:00:00
1737,1575090000000,5.092e-05,5.119e-05,5.085e-05,5.087e-05,5277.0,2019-11-30 05:00:00
1738,1575086400000,5.175e-05,5.198e-05,5.068e-05,5.08e-05,50831.0,2019-11-30 04:00:00
1739,1575082800000,5.195e-05,5.324e-05,5.175e-05,5.175e-05,28945.0,2019-11-30 03:00:00
1740,1575079200000,5.202e-05,5.226e-05,5.191e-05,5.195e-05,6284.0,2019-11-30 02:00:00
1741,1575075600000,5.177e-05,5.2e-05,5.175e-05,5.175e-05,6554.0,2019-11-30 01:00:00
1742,1575072000000,5.22e-05,5.255e-05,5.179e-05,5.185e-05,6325.0,2019-11-30 00:00:00
1743,1575068400000,5.247e-05,5.253e-05,5.178e-05,5.22e-05,11289.0,2019-11-29 23:00:00
1744,1575064800000,5.248e-05,5.25e-05,5.222e-05,5.25e-05,2298.0,2019-11-29 22:00:00
1745,1575061200000,5.217e-05,5.255e-05,5.217e-05,5.248e-05,3083.0,2019-11-29 21:00:00
1746,1575057600000,5.217e-05,5.255e-05,5.215e-05,5.216e-05,2361.0,2019-11-29 20:00:00
1747,1575054000000,5.262e-05,5.262e-05,5.215e-05,5.228e-05,1699.0,2019-11-29 19:00:00
1748,1575050400000,5.252e-05,5.263e-05,5.22e-05,5.263e-05,3943.0,2019-11-29 18:00:00
1749,1575046800000,5.24e-05,5.269e-05,5.237e-05,5.242e-05,3455.0,2019-11-29 17:00:00
1750,1575043200000,5.194e-05,5.244e-05,5.191e-05,5.244e-05,9246.0,2019-11-29 16:00:00
1751,1575039600000,5.229e-05,5.237e-05,5.194e-05,5.22e-05,5407.0,2019-11-29 15:00:00
1752,1575036000000,5.197e-05,5.247e-05,5.187e-05,5.229e-05,5752.0,2019-11-29 14:00:00
1753,1575032400000,5.267e-05,5.298e-05,5.184e-05,5.2e-05,20569.0,2019-11-29 13:00:00
1754,1575028800000,5.302e-05,5.4e-05,5.245e-05,5.257e-05,19991.0,2019-11-29 12:00:00
1755,1575025200000,5.308e-05,5.314e-05,5.249e-05,5.304e-05,7125.0,2019-11-29 11:00:00
1756,1575021600000,5.257e-05,5.311e-05,5.233e-05,5.309e-05,6365.0,2019-11-29 10:00:00
1757,1575018000000,5.25e-05,5.275e-05,5.225e-05,5.273e-05,10217.0,2019-11-29 09:00:00
1758,1575014400000,5.251e-05,5.294e-05,5.226e-05,5.255e-05,16574.0,2019-11-29 08:00:00
1759,1575010800000,5.31e-05,5.346e-05,5.229e-05,5.251e-05,23394.0,2019-11-29 07:00:00
1760,1575007200000,5.378e-05,5.381e-05,5.311e-05,5.311e-05,8633.0,2019-11-29 06:00:00
1761,1575003600000,5.404e-05,5.404e-05,5.327e-05,5.381e-05,13347.0,2019-11-29 05:00:00
1762,1575000000000,5.414e-05,5.446e-05,5.395e-05,5.425e-05,4373.0,2019-11-29 04:00:00
1763,1574996400000,5.377e-05,5.456e-05,5.377e-05,5.414e-05,18968.0,2019-11-29 03:00:00
1764,1574992800000,5.338e-05,5.39e-05,5.335e-05,5.374e-05,10428.0,2019-11-29 02:00:00
1765,1574989200000,5.325e-05,5.344e-05,5.307e-05,5.339e-05,8121.0,2019-11-29 01:00:00
1766,1574985600000,5.267e-05,5.312e-05,5.257e-05,5.312e-05,5356.0,2019-11-29 00:00:00
1767,1574982000000,5.315e-05,5.315e-05,5.259e-05,5.278e-05,7264.0,2019-11-28 23:00:00
1768,1574978400000,5.275e-05,5.343e-05,5.256e-05,5.317e-05,13808.0,2019-11-28 22:00:00
1769,1574974800000,5.245e-05,5.275e-05,5.237e-05,5.275e-05,7128.0,2019-11-28 21:00:00
1770,1574971200000,5.393e-05,5.414e-05,5.238e-05,5.252e-05,38394.0,2019-11-28 20:00:00
1771,1574967600000,5.21e-05,5.51e-05,5.165e-05,5.393e-05,79512.0,2019-11-28 19:00:00
1772,1574964000000,5.238e-05,5.252e-05,5.2e-05,5.233e-05,9546.0,2019-11-28 18:00:00
1773,1574960400000,5.217e-05,5.239e-05,5.217e-05,5.238e-05,3890.0,2019-11-28 17:00:00
1774,1574956800000,5.194e-05,5.239e-05,5.182e-05,5.217e-05,8193.0,2019-11-28 16:00:00
1775,1574953200000,5.242e-05,5.242e-05,5.171e-05,5.194e-05,13029.0,2019-11-28 15:00:00
1776,1574949600000,5.237e-05,5.267e-05,5.237e-05,5.266e-05,2447.0,2019-11-28 14:00:00
1777,1574946000000,5.207e-05,5.263e-05,5.193e-05,5.229e-05,11757.0,2019-11-28 13:00:00
1778,1574942400000,5.207e-05,5.229e-05,5.201e-05,5.202e-05,3171.0,2019-11-28 12:00:00
1779,1574938800000,5.205e-05,5.228e-05,5.197e-05,5.228e-05,1187.0,2019-11-28 11:00:00
1780,1574935200000,5.196e-05,5.205e-05,5.167e-05,5.205e-05,8563.0,2019-11-28 10:00:00
1781,1574931600000,5.202e-05,5.233e-05,5.153e-05,5.195e-05,26710.0,2019-11-28 09:00:00
1782,1574928000000,5.201e-05,5.234e-05,5.165e-05,5.217e-05,7902.0,2019-11-28 08:00:00
1783,1574924400000,5.21e-05,5.221e-05,5.168e-05,5.2e-05,20288.0,2019-11-28 07:00:00
1784,1574920800000,5.209e-05,5.252e-05,5.17e-05,5.2e-05,117993.0,2019-11-28 06:00:00
1785,1574917200000,5.215e-05,5.265e-05,5.184e-05,5.212e-05,43345.0,2019-11-28 05:00:00
1786,1574913600000,5.193e-05,5.244e-05,5.173e-05,5.242e-05,11862.0,2019-11-28 04:00:00
1787,1574910000000,5.15e-05,5.188e-05,5.144e-05,5.188e-05,3938.0,2019-11-28 03:00:00
1788,1574906400000,5.157e-05,5.214e-05,5.141e-05,5.141e-05,16015.0,2019-11-28 02:00:00
1789,1574902800000,5.194e-05,5.205e-05,5.144e-05,5.157e-05,7963.0,2019-11-28 01:00:00
1790,1574899200000,5.178e-05,5.205e-05,5.151e-05,5.188e-05,8472.0,2019-11-28 00:00:00
1791,1574895600000,5.175e-05,5.234e-05,5.133e-05,5.178e-05,20478.0,2019-11-27 23:00:00
1792,1574892000000,5.153e-05,5.172e-05,5.144e-05,5.172e-05,4065.0,2019-11-27 22:00:00
1793,1574888400000,5.103e-05,5.153e-05,5.103e-05,5.153e-05,6679.0,2019-11-27 21:00:00
1794,1574884800000,5.145e-05,5.145e-05,5.101e-05,5.11e-05,14138.0,2019-11-27 20:00:00
1795,1574881200000,5.129e-05,5.151e-05,5.105e-05,5.11e-05,3252.0,2019-11-27 19:00:00
1796,1574877600000,5.118e-05,5.134e-05,5.089e-05,5.134e-05,5785.0,2019-11-27 18:00:00
1797,1574874000000,5.143e-05,5.183e-05,5.084e-05,5.118e-05,19318.0,2019-11-27 17:00:00
1798,1574870400000,5.221e-05,5.246e-05,5.11e-05,5.142e-05,22201.0,2019-11-27 16:00:00
1799,1574866800000,5.269e-05,5.299e-05,5.189e-05,5.24e-05,11387.0,2019-11-27 15:00:00
1800,1574863200000,5.28e-05,5.313e-05,5.248e-05,5.268e-05,8514.0,2019-11-27 14:00:00
1801,1574859600000,5.277e-05,5.305e-05,5.244e-05,5.244e-05,27624.0,2019-11-27 13:00:00
1802,1574856000000,5.305e-05,5.375e-05,5.272e-05,5.277e-05,39211.0,2019-11-27 12:00:00
1803,1574852400000,5.311e-05,5.361e-05,5.3e-05,5.323e-05,16401.0,2019-11-27 11:00:00
1804,1574848800000,5.306e-05,5.343e-05,5.235e-05,5.304e-05,40644.0,2019-11-27 10:00:00
1805,1574845200000,5.389e-05,5.399e-05,5.241e-05,5.305e-05,19864.0,2019-11-27 09:00:00
1806,1574841600000,5.399e-05,5.483e-05,5.351e-05,5.392e-05,22132.0,2019-11-27 08:00:00
1807,1574838000000,5.356e-05,5.476e-05,5.339e-05,5.422e-05,23743.0,2019-11-27 07:00:00
1808,1574834400000,5.25e-05,5.355e-05,5.249e-05,5.355e-05,9568.0,2019-11-27 06:00:00
1809,1574830800000,5.275e-05,5.294e-05,5.262e-05,5.28e-05,1671.0,2019-11-27 05:00:00
1810,1574827200000,5.321e-05,5.322e-05,5.258e-05,5.273e-05,15010.0,2019-11-27 04:00:00
1811,1574823600000,5.337e-05,5.344e-05,5.324e-05,5.324e-05,4589.0,2019-11-27 03:00:00
1812,1574820000000,5.291e-05,5.349e-05,5.279e-05,5.32e-05,16710.0,2019-11-27 02:00:00
1813,1574816400000,5.273e-05,5.293e-05,5.249e-05,5.28e-05,6015.0,2019-11-27 01:00:00
1814,1574812800000,5.25e-05,5.276e-05,5.235e-05,5.272e-05,9882.0,2019-11-27 00:00:00
1815,1574809200000,5.267e-05,5.275e-05,5.239e-05,5.25e-05,3533.0,2019-11-26 23:00:00
1816,1574805600000,5.246e-05,5.266e-05,5.234e-05,5.244e-05,2474.0,2019-11-26 22:00:00
1817,1574802000000,5.28e-05,5.293e-05,5.246e-05,5.246e-05,11211.0,2019-11-26 21:00:00
1818,1574798400000,5.308e-05,5.308e-05,5.257e-05,5.279e-05,4036.0,2019-11-26 20:00:00
1819,1574794800000,5.243e-05,5.312e-05,5.243e-05,5.308e-05,9343.0,2019-11-26 19:00:00
1820,1574791200000,5.228e-05,5.265e-05,5.209e-05,5.239e-05,1675.0,2019-11-26 18:00:00
1821,1574787600000,5.252e-05,5.258e-05,5.222e-05,5.232e-05,1105.0,2019-11-26 17:00:00
1822,1574784000000,5.246e-05,5.302e-05,5.208e-05,5.269e-05,17615.0,2019-11-26 16:00:00
1823,1574780400000,5.215e-05,5.284e-05,5.212e-05,5.246e-05,15554.0,2019-11-26 15:00:00
1824,1574776800000,5.257e-05,5.258e-05,5.193e-05,5.223e-05,6835.0,2019-11-26 14:00:00
1825,1574773200000,5.245e-05,5.275e-05,5.22e-05,5.241e-05,9457.0,2019-11-26 13:00:00
1826,1574769600000,5.177e-05,5.257e-05,5.177e-05,5.257e-05,1325.0,2019-11-26 12:00:00
1827,1574766000000,5.229e-05,5.27e-05,5.18e-05,5.181e-05,8525.0,2019-11-26 11:00:00
1828,1574762400000,5.236e-05,5.247e-05,5.198e-05,5.235e-05,4517.0,2019-11-26 10:00:00
1829,1574758800000,5.198e-05,5.236e-05,5.197e-05,5.236e-05,5199.0,2019-11-26 09:00:00
1830,1574755200000,5.172e-05,5.237e-05,5.162e-05,5.209e-05,18542.0,2019-11-26 08:00:00
1831,1574751600000,5.241e-05,5.241e-05,5.168e-05,5.17e-05,20161.0,2019-11-26 07:00:00
1832,1574748000000,5.242e-05,5.273e-05,5.204e-05,5.251e-05,9557.0,2019-11-26 06:00:00
1833,1574744400000,5.204e-05,5.3e-05,5.204e-05,5.242e-05,11880.0,2019-11-26 05:00:00
1834,1574740800000,5.196e-05,5.29e-05,5.196e-05,5.203e-05,8597.0,2019-11-26 04:00:00
1835,1574737200000,5.212e-05,5.213e-05,5.195e-05,5.212e-05,8862.0,2019-11-26 03:00:00
1836,1574733600000,5.247e-05,5.247e-05,5.194e-05,5.195e-05,8917.0,2019-11-26 02:00:00
1837,1574730000000,5.178e-05,5.295e-05,5.178e-05,5.249e-05,15764.0,2019-11-26 01:00:00
1838,1574726400000,5.163e-05,5.24e-05,5.163e-05,5.174e-05,4189.0,2019-11-26 00:00:00
1839,1574722800000,5.185e-05,5.211e-05,5.18e-05,5.199e-05,11460.0,2019-11-25 23:00:00
1840,1574719200000,5.185e-05,5.205e-05,5.166e-05,5.188e-05,1857.0,2019-11-25 22:00:00
1841,1574715600000,5.149e-05,5.201e-05,5.115e-05,5.169e-05,3513.0,2019-11-25 21:00:00
1842,1574712000000,5.153e-05,5.171e-05,5.148e-05,5.148e-05,5513.0,2019-11-25 20:00:00
1843,1574708400000,5.151e-05,5.199e-05,5.15e-05,5.192e-05,6800.0,2019-11-25 19:00:00
1844,1574704800000,5.154e-05,5.197e-05,5.109e-05,5.146e-05,25053.0,2019-11-25 18:00:00
1845,1574701200000,5.138e-05,5.169e-05,5.114e-05,5.135e-05,15913.0,2019-11-25 17:00:00
1846,1574697600000,5.194e-05,5.194e-05,5.07e-05,5.138e-05,64115.0,2019-11-25 16:00:00
1847,1574694000000,5.176e-05,5.225e-05,5.156e-05,5.213e-05,12360.0,2019-11-25 15:00:00
1848,1574690400000,5.168e-05,5.191e-05,5.162e-05,5.176e-05,8703.0,2019-11-25 14:00:00
1849,1574686800000,5.257e-05,5.304e-05,5.152e-05,5.191e-05,17355.0,2019-11-25 13:00:00
1850,1574683200000,5.294e-05,5.304e-05,5.171e-05,5.229e-05,32869.0,2019-11-25 12:00:00
1851,1574679600000,5.257e-05,5.323e-05,5.181e-05,5.295e-05,12610.0,2019-11-25 11:00:00
1852,1574676000000,5.291e-05,5.308e-05,5.168e-05,5.216e-05,16237.0,2019-11-25 10:00:00
1853,1574672400000,5.206e-05,5.292e-05,5.205e-05,5.273e-05,12503.0,2019-11-25 09:00:00
1854,1574668800000,5.276e-05,5.299e-05,5.172e-05,5.192e-05,26282.0,2019-11-25 08:00:00
1855,1574665200000,5.252e-05,5.33e-05,5.172e-05,5.241e-05,38752.0,2019-11-25 07:00:00
1856,1574661600000,5.308e-05,5.325e-05,5.221e-05,5.222e-05,16006.0,2019-11-25 06:00:00
1857,1574658000000,5.279e-05,5.351e-05,5.248e-05,5.309e-05,15308.0,2019-11-25 05:00:00
1858,1574654400000,5.182e-05,5.282e-05,5.156e-05,5.282e-05,18172.0,2019-11-25 04:00:00
1859,1574643600000,5.248e-05,5.294e-05,5.169e-05,5.169e-05,36224.0,2019-11-25 01:00:00
1860,1574640000000,5.336e-05,5.38e-05,5.245e-05,5.245e-05,8421.0,2019-11-25 00:00:00
1861,1574636400000,5.371e-05,5.401e-05,5.335e-05,5.336e-05,10545.0,2019-11-24 23:00:00
1862,1574632800000,5.359e-05,5.384e-05,5.348e-05,5.362e-05,5302.0,2019-11-24 22:00:00
1863,1574629200000,5.336e-05,5.37e-05,5.313e-05,5.362e-05,2230.0,2019-11-24 21:00:00
1864,1574625600000,5.36e-05,5.384e-05,5.334e-05,5.334e-05,5973.0,2019-11-24 20:00:00
1865,1574622000000,5.358e-05,5.384e-05,5.358e-05,5.381e-05,5132.0,2019-11-24 19:00:00
1866,1574618400000,5.365e-05,5.378e-05,5.358e-05,5.358e-05,4636.0,2019-11-24 18:00:00
1867,1574614800000,5.299e-05,5.384e-05,5.298e-05,5.358e-05,12393.0,2019-11-24 17:00:00
1868,1574611200000,5.245e-05,5.299e-05,5.193e-05,5.297e-05,17131.0,2019-11-24 16:00:00
1869,1574607600000,5.24e-05,5.259e-05,5.192e-05,5.246e-05,25734.0,2019-11-24 15:00:00
1870,1574604000000,5.33e-05,5.382e-05,5.231e-05,5.24e-05,11814.0,2019-11-24 14:00:00
1871,1574600400000,5.377e-05,5.393e-05,5.269e-05,5.305e-05,12846.0,2019-11-24 13:00:00
1872,1574596800000,5.385e-05,5.398e-05,5.351e-05,5.353e-05,5299.0,2019-11-24 12:00:00
1873,1574593200000,5.382e-05,5.401e-05,5.351e-05,5.364e-05,5313.0,2019-11-24 11:00:00
1874,1574589600000,5.365e-05,5.414e-05,5.364e-05,5.4e-05,5280.0,2019-11-24 10:00:00
1875,1574586000000,5.382e-05,5.427e-05,5.364e-05,5.391e-05,3280.0,2019-11-24 09:00:00
1876,1574582400000,5.405e-05,5.424e-05,5.336e-05,5.411e-05,11058.0,2019-11-24 08:00:00
1877,1574578800000,5.393e-05,5.428e-05,5.37e-05,5.383e-05,6175.0,2019-11-24 07:00:00
1878,1574575200000,5.378e-05,5.396e-05,5.367e-05,5.396e-05,4835.0,2019-11-24 06:00:00
1879,1574571600000,5.415e-05,5.431e-05,5.369e-05,5.393e-05,3345.0,2019-11-24 05:00:00
1880,1574568000000,5.396e-05,5.452e-05,5.391e-05,5.391e-05,6984.0,2019-11-24 04:00:00
1881,1574564400000,5.398e-05,5.432e-05,5.373e-05,5.397e-05,3983.0,2019-11-24 03:00:00
1882,1574560800000,5.415e-05,5.444e-05,5.379e-05,5.398e-05,7148.0,2019-11-24 02:00:00
1883,1574557200000,5.458e-05,5.463e-05,5.405e-05,5.417e-05,2900.0,2019-11-24 01:00:00
1884,1574553600000,5.414e-05,5.46e-05,5.414e-05,5.46e-05,12442.0,2019-11-24 00:00:00
1885,1574550000000,5.414e-05,5.427e-05,5.404e-05,5.404e-05,1893.0,2019-11-23 23:00:00
1886,1574546400000,5.474e-05,5.501e-05,5.408e-05,5.414e-05,12309.0,2019-11-23 22:00:00
1887,1574542800000,5.51e-05,5.526e-05,5.473e-05,5.474e-05,10434.0,2019-11-23 21:00:00
1888,1574539200000,5.519e-05,5.523e-05,5.5e-05,5.514e-05,2220.0,2019-11-23 20:00:00
1889,1574535600000,5.514e-05,5.514e-05,5.496e-05,5.5e-05,1165.0,2019-11-23 19:00:00
1890,1574532000000,5.524e-05,5.526e-05,5.485e-05,5.502e-05,2864.0,2019-11-23 18:00:00
1891,1574528400000,5.499e-05,5.549e-05,5.486e-05,5.527e-05,4280.0,2019-11-23 17:00:00
1892,1574524800000,5.481e-05,5.513e-05,5.456e-05,5.477e-05,5059.0,2019-11-23 16:00:00
1893,1574521200000,5.434e-05,5.55e-05,5.397e-05,5.482e-05,30808.0,2019-11-23 15:00:00
1894,1574517600000,5.379e-05,5.457e-05,5.363e-05,5.457e-05,10164.0,2019-11-23 14:00:00
1895,1574514000000,5.342e-05,5.378e-05,5.336e-05,5.378e-05,5846.0,2019-11-23 13:00:00
1896,1574510400000,5.354e-05,5.363e-05,5.331e-05,5.363e-05,3565.0,2019-11-23 12:00:00
1897,1574506800000,5.322e-05,5.355e-05,5.283e-05,5.331e-05,10580.0,2019-11-23 11:00:00
1898,1574503200000,5.273e-05,5.318e-05,5.266e-05,5.315e-05,5949.0,2019-11-23 10:00:00
1899,1574499600000,5.316e-05,5.319e-05,5.25e-05,5.262e-05,14957.0,2019-11-23 09:00:00
1900,1574496000000,5.353e-05,5.36e-05,5.278e-05,5.28e-05,9450.0,2019-11-23 08:00:00
1901,1574492400000,5.354e-05,5.355e-05,5.3e-05,5.352e-05,13539.0,2019-11-23 07:00:00
1902,1574488800000,5.363e-05,5.408e-05,5.354e-05,5.377e-05,943.0,2019-11-23 06:00:00
1903,1574485200000,5.324e-05,5.334e-05,5.319e-05,5.334e-05,2279.0,2019-11-23 05:00:00
1904,1574481600000,5.338e-05,5.345e-05,5.324e-05,5.324e-05,1542.0,2019-11-23 04:00:00
1905,1574478000000,5.344e-05,5.346e-05,5.328e-05,5.329e-05,3994.0,2019-11-23 03:00:00
1906,1574474400000,5.345e-05,5.346e-05,5.317e-05,5.317e-05,2299.0,2019-11-23 02:00:00
1907,1574470800000,5.347e-05,5.347e-05,5.313e-05,5.346e-05,12376.0,2019-11-23 01:00:00
1908,1574467200000,5.363e-05,5.409e-05,5.342e-05,5.38e-05,6983.0,2019-11-23 00:00:00
1909,1574463600000,5.332e-05,5.368e-05,5.332e-05,5.368e-05,1479.0,2019-11-22 23:00:00
1910,1574460000000,5.328e-05,5.374e-05,5.317e-05,5.368e-05,6417.0,2019-11-22 22:00:00
1911,1574456400000,5.335e-05,5.357e-05,5.316e-05,5.344e-05,1734.0,2019-11-22 21:00:00
1912,1574452800000,5.427e-05,5.427e-05,5.335e-05,5.364e-05,19487.0,2019-11-22 20:00:00
1913,1574449200000,5.388e-05,5.439e-05,5.375e-05,5.412e-05,6358.0,2019-11-22 19:00:00
1914,1574445600000,5.453e-05,5.454e-05,5.371e-05,5.388e-05,1956.0,2019-11-22 18:00:00
1915,1574442000000,5.39e-05,5.453e-05,5.363e-05,5.453e-05,8327.0,2019-11-22 17:00:00
1916,1574438400000,5.378e-05,5.41e-05,5.32e-05,5.41e-05,20769.0,2019-11-22 16:00:00
1917,1574434800000,5.226e-05,5.517e-05,5.225e-05,5.378e-05,39837.0,2019-11-22 15:00:00
1918,1574431200000,5.527e-05,5.562e-05,5.177e-05,5.226e-05,72911.0,2019-11-22 14:00:00
1919,1574427600000,5.505e-05,5.618e-05,5.451e-05,5.528e-05,14214.0,2019-11-22 13:00:00
1920,1574424000000,5.504e-05,5.536e-05,5.465e-05,5.488e-05,16460.0,2019-11-22 12:00:00
1921,1574420400000,5.6e-05,5.639e-05,5.471e-05,5.519e-05,19138.0,2019-11-22 11:00:00
1922,1574416800000,5.418e-05,5.606e-05,5.418e-05,5.6e-05,21880.0,2019-11-22 10:00:00
1923,1574413200000,5.496e-05,5.563e-05,5.328e-05,5.444e-05,48609.0,2019-11-22 09:00:00
1924,1574409600000,5.499e-05,5.524e-05,5.453e-05,5.506e-05,4300.0,2019-11-22 08:00:00
1925,1574406000000,5.545e-05,5.548e-05,5.486e-05,5.505e-05,20204.0,2019-11-22 07:00:00
1926,1574402400000,5.511e-05,5.554e-05,5.51e-05,5.554e-05,17671.0,2019-11-22 06:00:00
1927,1574398800000,5.5e-05,5.554e-05,5.492e-05,5.51e-05,11397.0,2019-11-22 05:00:00
1928,1574395200000,5.532e-05,5.535e-05,5.503e-05,5.522e-05,2221.0,2019-11-22 04:00:00
1929,1574391600000,5.453e-05,5.535e-05,5.453e-05,5.535e-05,8952.0,2019-11-22 03:00:00
1930,1574388000000,5.456e-05,5.456e-05,5.418e-05,5.453e-05,13794.0,2019-11-22 02:00:00
1931,1574384400000,5.451e-05,5.456e-05,5.437e-05,5.456e-05,9219.0,2019-11-22 01:00:00
1932,1574380800000,5.455e-05,5.473e-05,5.432e-05,5.446e-05,7373.0,2019-11-22 00:00:00
1933,1574377200000,5.477e-05,5.486e-05,5.434e-05,5.451e-05,8551.0,2019-11-21 23:00:00
1934,1574373600000,5.493e-05,5.509e-05,5.474e-05,5.48e-05,3598.0,2019-11-21 22:00:00
1935,1574370000000,5.501e-05,5.501e-05,5.488e-05,5.493e-05,5398.0,2019-11-21 21:00:00
1936,1574366400000,5.482e-05,5.509e-05,5.458e-05,5.5e-05,5627.0,2019-11-21 20:00:00
1937,1574362800000,5.437e-05,5.56e-05,5.437e-05,5.485e-05,10372.0,2019-11-21 19:00:00
1938,1574359200000,5.432e-05,5.467e-05,5.431e-05,5.436e-05,2031.0,2019-11-21 18:00:00
1939,1574355600000,5.475e-05,5.475e-05,5.408e-05,5.431e-05,4647.0,2019-11-21 17:00:00
1940,1574352000000,5.407e-05,5.514e-05,5.407e-05,5.46e-05,9235.0,2019-11-21 16:00:00
1941,1574348400000,5.413e-05,5.547e-05,5.399e-05,5.4e-05,21706.0,2019-11-21 15:00:00
1942,1574344800000,5.411e-05,5.435e-05,5.372e-05,5.411e-05,7910.0,2019-11-21 14:00:00
1943,1574341200000,5.402e-05,5.425e-05,5.402e-05,5.411e-05,6169.0,2019-11-21 13:00:00
1944,1574337600000,5.472e-05,5.472e-05,5.371e-05,5.378e-05,29983.0,2019-11-21 12:00:00
1945,1574334000000,5.472e-05,5.472e-05,5.446e-05,5.472e-05,2762.0,2019-11-21 11:00:00
1946,1574330400000,5.516e-05,5.516e-05,5.436e-05,5.495e-05,5542.0,2019-11-21 10:00:00
1947,1574326800000,5.484e-05,5.518e-05,5.422e-05,5.481e-05,10914.0,2019-11-21 09:00:00
1948,1574323200000,5.46e-05,5.538e-05,5.425e-05,5.484e-05,10607.0,2019-11-21 08:00:00
1949,1574319600000,5.485e-05,5.493e-05,5.452e-05,5.452e-05,3921.0,2019-11-21 07:00:00
1950,1574316000000,5.472e-05,5.48e-05,5.44e-05,5.48e-05,1272.0,2019-11-21 06:00:00
1951,1574312400000,5.461e-05,5.483e-05,5.45e-05,5.483e-05,2117.0,2019-11-21 05:00:00
1952,1574308800000,5.471e-05,5.493e-05,5.449e-05,5.493e-05,7556.0,2019-11-21 04:00:00
1953,1574305200000,5.473e-05,5.503e-05,5.44e-05,5.503e-05,7098.0,2019-11-21 03:00:00
1954,1574301600000,5.5e-05,5.52e-05,5.446e-05,5.472e-05,17868.0,2019-11-21 02:00:00
1955,1574298000000,5.516e-05,5.525e-05,5.5e-05,5.511e-05,14584.0,2019-11-21 01:00:00
1956,1574294400000,5.516e-05,5.545e-05,5.516e-05,5.545e-05,939.0,2019-11-21 00:00:00
1957,1574290800000,5.517e-05,5.543e-05,5.516e-05,5.516e-05,182.0,2019-11-20 23:00:00
1958,1574287200000,5.499e-05,5.545e-05,5.486e-05,5.496e-05,19327.0,2019-11-20 22:00:00
1959,1574283600000,5.503e-05,5.517e-05,5.48e-05,5.493e-05,5356.0,2019-11-20 21:00:00
1960,1574280000000,5.501e-05,5.519e-05,5.459e-05,5.51e-05,6833.0,2019-11-20 20:00:00
1961,1574276400000,5.546e-05,5.546e-05,5.444e-05,5.526e-05,13264.0,2019-11-20 19:00:00
1962,1574272800000,5.568e-05,5.568e-05,5.545e-05,5.556e-05,2307.0,2019-11-20 18:00:00
1963,1574269200000,5.576e-05,5.589e-05,5.543e-05,5.567e-05,5452.0,2019-11-20 17:00:00
1964,1574265600000,5.604e-05,5.621e-05,5.548e-05,5.583e-05,6263.0,2019-11-20 16:00:00
1965,1574262000000,5.624e-05,5.635e-05,5.605e-05,5.606e-05,2857.0,2019-11-20 15:00:00
1966,1574258400000,5.64e-05,5.653e-05,5.598e-05,5.598e-05,16266.0,2019-11-20 14:00:00
1967,1574254800000,5.583e-05,5.648e-05,5.555e-05,5.621e-05,36533.0,2019-11-20 13:00:00
1968,1574251200000,5.517e-05,5.591e-05,5.499e-05,5.59e-05,13595.0,2019-11-20 12:00:00
1969,1574247600000,5.501e-05,5.548e-05,5.491e-05,5.516e-05,6243.0,2019-11-20 11:00:00
1970,1574244000000,5.61e-05,5.624e-05,5.456e-05,5.515e-05,25361.0,2019-11-20 10:00:00
1971,1574240400000,5.639e-05,5.639e-05,5.596e-05,5.602e-05,6782.0,2019-11-20 09:00:00
1972,1574236800000,5.572e-05,5.66e-05,5.572e-05,5.62e-05,9857.0,2019-11-20 08:00:00
1973,1574233200000,5.606e-05,5.632e-05,5.565e-05,5.592e-05,11270.0,2019-11-20 07:00:00
1974,1574229600000,5.621e-05,5.628e-05,5.583e-05,5.583e-05,8926.0,2019-11-20 06:00:00
1975,1574226000000,5.658e-05,5.677e-05,5.599e-05,5.621e-05,27938.0,2019-11-20 05:00:00
1976,1574222400000,5.666e-05,5.713e-05,5.632e-05,5.692e-05,33720.0,2019-11-20 04:00:00
1977,1574218800000,5.678e-05,5.699e-05,5.645e-05,5.666e-05,9822.0,2019-11-20 03:00:00
1978,1574215200000,5.677e-05,5.7e-05,5.631e-05,5.65e-05,10722.0,2019-11-20 02:00:00
1979,1574211600000,5.679e-05,5.715e-05,5.676e-05,5.707e-05,24215.0,2019-11-20 01:00:00
1980,1574208000000,5.681e-05,5.702e-05,5.674e-05,5.674e-05,15467.0,2019-11-20 00:00:00
1981,1574204400000,5.676e-05,5.689e-05,5.66e-05,5.66e-05,5986.0,2019-11-19 23:00:00
1982,1574200800000,5.654e-05,5.686e-05,5.641e-05,5.677e-05,13004.0,2019-11-19 22:00:00
1983,1574197200000,5.643e-05,5.675e-05,5.624e-05,5.644e-05,5816.0,2019-11-19 21:00:00
1984,1574193600000,5.639e-05,5.666e-05,5.618e-05,5.642e-05,6795.0,2019-11-19 20:00:00
1985,1574190000000,5.634e-05,5.66e-05,5.618e-05,5.638e-05,7788.0,2019-11-19 19:00:00
1986,1574186400000,5.635e-05,5.638e-05,5.633e-05,5.635e-05,4222.0,2019-11-19 18:00:00
1987,1574182800000,5.641e-05,5.66e-05,5.596e-05,5.629e-05,7545.0,2019-11-19 17:00:00
1988,1574179200000,5.641e-05,5.66e-05,5.576e-05,5.622e-05,7411.0,2019-11-19 16:00:00
1989,1574175600000,5.623e-05,5.679e-05,5.623e-05,5.645e-05,9165.0,2019-11-19 15:00:00
1990,1574172000000,5.61e-05,5.633e-05,5.586e-05,5.623e-05,10872.0,2019-11-19 14:00:00
1991,1574168400000,5.635e-05,5.645e-05,5.566e-05,5.638e-05,11858.0,2019-11-19 13:00:00
1992,1574164800000,5.551e-05,5.64e-05,5.534e-05,5.635e-05,24273.0,2019-11-19 12:00:00
1993,1574161200000,5.612e-05,5.627e-05,5.55e-05,5.551e-05,22945.0,2019-11-19 11:00:00
1994,1574157600000,5.474e-05,5.626e-05,5.474e-05,5.61e-05,48566.0,2019-11-19 10:00:00
1995,1574154000000,5.469e-05,5.49e-05,5.44e-05,5.474e-05,13790.0,2019-11-19 09:00:00
1996,1574150400000,5.456e-05,5.484e-05,5.422e-05,5.466e-05,16114.0,2019-11-19 08:00:00
1997,1574146800000,5.501e-05,5.501e-05,5.442e-05,5.456e-05,19260.0,2019-11-19 07:00:00
1998,1574143200000,5.477e-05,5.554e-05,5.477e-05,5.497e-05,9663.0,2019-11-19 06:00:00
1999,1574139600000,5.485e-05,5.493e-05,5.436e-05,5.477e-05,19396.0,2019-11-19 05:00:00
2000,1574136000000,5.512e-05,5.515e-05,5.486e-05,5.501e-05,6973.0,2019-11-19 04:00:00
2001,1574132400000,5.56e-05,5.56e-05,5.49e-05,5.491e-05,24149.0,2019-11-19 03:00:00
2002,1574128800000,5.542e-05,5.598e-05,5.539e-05,5.557e-05,8602.0,2019-11-19 02:00:00
2003,1574125200000,5.638e-05,5.66e-05,5.523e-05,5.542e-05,64045.0,2019-11-19 01:00:00
2004,1574121600000,5.66e-05,5.696e-05,5.617e-05,5.638e-05,7226.0,2019-11-19 00:00:00
2005,1574118000000,5.685e-05,5.723e-05,5.657e-05,5.657e-05,3978.0,2019-11-18 23:00:00
2006,1574114400000,5.674e-05,5.685e-05,5.653e-05,5.657e-05,969.0,2019-11-18 22:00:00
2007,1574110800000,5.67e-05,5.68e-05,5.667e-05,5.672e-05,1701.0,2019-11-18 21:00:00
2008,1574107200000,5.703e-05,5.705e-05,5.645e-05,5.673e-05,4770.0,2019-11-18 20:00:00
2009,1574103600000,5.699e-05,5.707e-05,5.668e-05,5.672e-05,1631.0,2019-11-18 19:00:00
2010,1574100000000,5.705e-05,5.75e-05,5.673e-05,5.702e-05,10754.0,2019-11-18 18:00:00
2011,1574096400000,5.629e-05,5.718e-05,5.626e-05,5.681e-05,6220.0,2019-11-18 17:00:00
2012,1574092800000,5.653e-05,5.67e-05,5.629e-05,5.629e-05,4737.0,2019-11-18 16:00:00
2013,1574089200000,5.698e-05,5.714e-05,5.65e-05,5.65e-05,14910.0,2019-11-18 15:00:00
2014,1574085600000,5.691e-05,5.706e-05,5.65e-05,5.698e-05,9338.0,2019-11-18 14:00:00
2015,1574082000000,5.701e-05,5.702e-05,5.65e-05,5.691e-05,13790.0,2019-11-18 13:00:00
2016,1574078400000,5.703e-05,5.713e-05,5.667e-05,5.673e-05,11383.0,2019-11-18 12:00:00
2017,1574074800000,5.692e-05,5.729e-05,5.689e-05,5.701e-05,4130.0,2019-11-18 11:00:00
2018,1574071200000,5.694e-05,5.73e-05,5.638e-05,5.698e-05,12529.0,2019-11-18 10:00:00
2019,1574067600000,5.648e-05,5.701e-05,5.641e-05,5.694e-05,9351.0,2019-11-18 09:00:00
2020,1574064000000,5.666e-05,5.67e-05,5.615e-05,5.635e-05,11539.0,2019-11-18 08:00:00
2021,1574060400000,5.702e-05,5.702e-05,5.631e-05,5.666e-05,27864.0,2019-11-18 07:00:00
2022,1574056800000,5.708e-05,5.73e-05,5.694e-05,5.729e-05,9595.0,2019-11-18 06:00:00
2023,1574053200000,5.682e-05,5.708e-05,5.66e-05,5.708e-05,11163.0,2019-11-18 05:00:00
2024,1574049600000,5.684e-05,5.691e-05,5.655e-05,5.684e-05,4755.0,2019-11-18 04:00:00
2025,1574046000000,5.677e-05,5.707e-05,5.646e-05,5.683e-05,21978.0,2019-11-18 03:00:00
2026,1574042400000,5.697e-05,5.735e-05,5.666e-05,5.673e-05,22353.0,2019-11-18 02:00:00
2027,1574038800000,5.716e-05,5.735e-05,5.69e-05,5.693e-05,5818.0,2019-11-18 01:00:00
2028,1574035200000,5.742e-05,5.759e-05,5.734e-05,5.734e-05,956.0,2019-11-18 00:00:00
2029,1574031600000,5.745e-05,5.759e-05,5.73e-05,5.759e-05,793.0,2019-11-17 23:00:00
2030,1574028000000,5.748e-05,5.76e-05,5.723e-05,5.748e-05,2946.0,2019-11-17 22:00:00
2031,1574024400000,5.708e-05,5.746e-05,5.697e-05,5.746e-05,5259.0,2019-11-17 21:00:00
2032,1574020800000,5.712e-05,5.713e-05,5.688e-05,5.707e-05,3917.0,2019-11-17 20:00:00
2033,1574017200000,5.716e-05,5.733e-05,5.696e-05,5.712e-05,4750.0,2019-11-17 19:00:00
2034,1574013600000,5.713e-05,5.742e-05,5.713e-05,5.742e-05,2356.0,2019-11-17 18:00:00
2035,1574010000000,5.7e-05,5.713e-05,5.686e-05,5.686e-05,1719.0,2019-11-17 17:00:00
2036,1574006400000,5.699e-05,5.699e-05,5.699e-05,5.699e-05,853.0,2019-11-17 16:00:00
2037,1574002800000,5.692e-05,5.75e-05,5.685e-05,5.685e-05,5835.0,2019-11-17 15:00:00
2038,1573999200000,5.728e-05,5.728e-05,5.698e-05,5.715e-05,2108.0,2019-11-17 14:00:00
2039,1573995600000,5.686e-05,5.728e-05,5.677e-05,5.728e-05,11407.0,2019-11-17 13:00:00
2040,1573992000000,5.697e-05,5.706e-05,5.66e-05,5.687e-05,10202.0,2019-11-17 12:00:00
2041,1573988400000,5.672e-05,5.698e-05,5.672e-05,5.697e-05,4056.0,2019-11-17 11:00:00
2042,1573984800000,5.694e-05,5.694e-05,5.611e-05,5.672e-05,9462.0,2019-11-17 10:00:00
2043,1573981200000,5.688e-05,5.696e-05,5.652e-05,5.691e-05,17665.0,2019-11-17 09:00:00
2044,1573977600000,5.748e-05,5.753e-05,5.688e-05,5.688e-05,11878.0,2019-11-17 08:00:00
2045,1573974000000,5.706e-05,5.748e-05,5.706e-05,5.748e-05,1856.0,2019-11-17 07:00:00
2046,1573970400000,5.72e-05,5.732e-05,5.7e-05,5.724e-05,9024.0,2019-11-17 06:00:00
2047,1573966800000,5.741e-05,5.752e-05,5.719e-05,5.738e-05,2766.0,2019-11-17 05:00:00
2048,1573963200000,5.743e-05,5.771e-05,5.722e-05,5.722e-05,5258.0,2019-11-17 04:00:00
2049,1573959600000,5.77e-05,5.778e-05,5.746e-05,5.768e-05,3346.0,2019-11-17 03:00:00
2050,1573956000000,5.781e-05,5.798e-05,5.742e-05,5.772e-05,4174.0,2019-11-17 02:00:00
2051,1573952400000,5.748e-05,5.805e-05,5.748e-05,5.794e-05,6111.0,2019-11-17 01:00:00
2052,1573948800000,5.755e-05,5.769e-05,5.755e-05,5.767e-05,2059.0,2019-11-17 00:00:00
2053,1573945200000,5.768e-05,5.768e-05,5.748e-05,5.756e-05,884.0,2019-11-16 23:00:00
2054,1573941600000,5.748e-05,5.768e-05,5.748e-05,5.768e-05,450.0,2019-11-16 22:00:00
2055,1573938000000,5.766e-05,5.766e-05,5.749e-05,5.749e-05,540.0,2019-11-16 21:00:00
2056,1573934400000,5.75e-05,5.766e-05,5.75e-05,5.766e-05,42.0,2019-11-16 20:00:00
2057,1573930800000,5.748e-05,5.749e-05,5.739e-05,5.749e-05,6283.0,2019-11-16 19:00:00
2058,1573927200000,5.766e-05,5.766e-05,5.748e-05,5.748e-05,3270.0,2019-11-16 18:00:00
2059,1573923600000,5.748e-05,5.766e-05,5.748e-05,5.766e-05,485.0,2019-11-16 17:00:00
2060,1573920000000,5.73e-05,5.748e-05,5.73e-05,5.748e-05,3919.0,2019-11-16 16:00:00
2061,1573916400000,5.713e-05,5.729e-05,5.711e-05,5.712e-05,7395.0,2019-11-16 15:00:00
2062,1573912800000,5.72e-05,5.752e-05,5.711e-05,5.711e-05,3436.0,2019-11-16 14:00:00
2063,1573909200000,5.733e-05,5.734e-05,5.714e-05,5.73e-05,1129.0,2019-11-16 13:00:00
2064,1573905600000,5.721e-05,5.76e-05,5.707e-05,5.758e-05,1789.0,2019-11-16 12:00:00
2065,1573902000000,5.731e-05,5.746e-05,5.72e-05,5.724e-05,1378.0,2019-11-16 11:00:00
2066,1573898400000,5.764e-05,5.764e-05,5.72e-05,5.752e-05,5267.0,2019-11-16 10:00:00
2067,1573894800000,5.763e-05,5.765e-05,5.74e-05,5.764e-05,306.0,2019-11-16 09:00:00
2068,1573891200000,5.741e-05,5.741e-05,5.74e-05,5.74e-05,1048.0,2019-11-16 08:00:00
2069,1573887600000,5.746e-05,5.767e-05,5.74e-05,5.745e-05,10683.0,2019-11-16 07:00:00
2070,1573884000000,5.739e-05,5.767e-05,5.739e-05,5.767e-05,1514.0,2019-11-16 06:00:00
2071,1573880400000,5.73e-05,5.767e-05,5.723e-05,5.767e-05,5723.0,2019-11-16 05:00:00
2072,1573876800000,5.747e-05,5.747e-05,5.747e-05,5.747e-05,0.0,2019-11-16 04:00:00
2073,1573873200000,5.733e-05,5.748e-05,5.722e-05,5.747e-05,1660.0,2019-11-16 03:00:00
2074,1573869600000,5.765e-05,5.767e-05,5.765e-05,5.767e-05,554.0,2019-11-16 02:00:00
2075,1573866000000,5.739e-05,5.767e-05,5.734e-05,5.764e-05,1511.0,2019-11-16 01:00:00
2076,1573862400000,5.776e-05,5.777e-05,5.734e-05,5.739e-05,12765.0,2019-11-16 00:00:00
2077,1573858800000,5.787e-05,5.789e-05,5.751e-05,5.774e-05,6015.0,2019-11-15 23:00:00
2078,1573855200000,5.787e-05,5.789e-05,5.767e-05,5.788e-05,8179.0,2019-11-15 22:00:00
2079,1573851600000,5.773e-05,5.787e-05,5.767e-05,5.786e-05,1555.0,2019-11-15 21:00:00
2080,1573848000000,5.789e-05,5.789e-05,5.767e-05,5.768e-05,993.0,2019-11-15 20:00:00
2081,1573844400000,5.794e-05,5.794e-05,5.781e-05,5.789e-05,618.0,2019-11-15 19:00:00
2082,1573840800000,5.766e-05,5.801e-05,5.766e-05,5.779e-05,1975.0,2019-11-15 18:00:00
2083,1573837200000,5.764e-05,5.765e-05,5.76e-05,5.765e-05,473.0,2019-11-15 17:00:00
2084,1573833600000,5.722e-05,5.765e-05,5.71e-05,5.762e-05,3074.0,2019-11-15 16:00:00
2085,1573830000000,5.707e-05,5.769e-05,5.691e-05,5.723e-05,12993.0,2019-11-15 15:00:00
2086,1573826400000,5.757e-05,5.769e-05,5.689e-05,5.719e-05,14602.0,2019-11-15 14:00:00
2087,1573822800000,5.733e-05,5.759e-05,5.689e-05,5.759e-05,6754.0,2019-11-15 13:00:00
2088,1573819200000,5.746e-05,5.768e-05,5.689e-05,5.747e-05,14902.0,2019-11-15 12:00:00
2089,1573815600000,5.726e-05,5.758e-05,5.718e-05,5.757e-05,1226.0,2019-11-15 11:00:00
2090,1573812000000,5.7e-05,5.725e-05,5.7e-05,5.725e-05,3671.0,2019-11-15 10:00:00
2091,1573808400000,5.754e-05,5.754e-05,5.631e-05,5.685e-05,23204.0,2019-11-15 09:00:00
2092,1573804800000,5.776e-05,5.8e-05,5.754e-05,5.755e-05,7173.0,2019-11-15 08:00:00
2093,1573801200000,5.78e-05,5.78e-05,5.743e-05,5.778e-05,6660.0,2019-11-15 07:00:00
2094,1573797600000,5.728e-05,5.78e-05,5.7e-05,5.78e-05,8204.0,2019-11-15 06:00:00
2095,1573794000000,5.713e-05,5.75e-05,5.676e-05,5.724e-05,10426.0,2019-11-15 05:00:00
2096,1573790400000,5.671e-05,5.714e-05,5.65e-05,5.714e-05,12185.0,2019-11-15 04:00:00
2097,1573786800000,5.661e-05,5.684e-05,5.651e-05,5.651e-05,884.0,2019-11-15 03:00:00
2098,1573783200000,5.722e-05,5.725e-05,5.651e-05,5.695e-05,13060.0,2019-11-15 02:00:00
2099,1573779600000,5.741e-05,5.741e-05,5.678e-05,5.718e-05,10789.0,2019-11-15 01:00:00
2100,1573776000000,5.74e-05,5.78e-05,5.726e-05,5.726e-05,2176.0,2019-11-15 00:00:00
2101,1573772400000,5.751e-05,5.8e-05,5.71e-05,5.752e-05,15322.0,2019-11-14 23:00:00
2102,1573768800000,5.725e-05,5.759e-05,5.684e-05,5.752e-05,6143.0,2019-11-14 22:00:00
2103,1573765200000,5.736e-05,5.768e-05,5.7e-05,5.731e-05,9260.0,2019-11-14 21:00:00
2104,1573761600000,5.715e-05,5.744e-05,5.709e-05,5.739e-05,2064.0,2019-11-14 20:00:00
2105,1573758000000,5.74e-05,5.746e-05,5.714e-05,5.715e-05,9483.0,2019-11-14 19:00:00
2106,1573754400000,5.722e-05,5.741e-05,5.722e-05,5.741e-05,745.0,2019-11-14 18:00:00
2107,1573750800000,5.75e-05,5.75e-05,5.721e-05,5.722e-05,1075.0,2019-11-14 17:00:00
2108,1573747200000,5.728e-05,5.75e-05,5.724e-05,5.75e-05,1362.0,2019-11-14 16:00:00
2109,1573743600000,5.749e-05,5.788e-05,5.725e-05,5.73e-05,3737.0,2019-11-14 15:00:00
2110,1573740000000,5.71e-05,5.79e-05,5.71e-05,5.751e-05,2788.0,2019-11-14 14:00:00
2111,1573736400000,5.698e-05,5.698e-05,5.686e-05,5.694e-05,2674.0,2019-11-14 13:00:00
2112,1573732800000,5.695e-05,5.742e-05,5.695e-05,5.698e-05,13060.0,2019-11-14 12:00:00
2113,1573729200000,5.69e-05,5.748e-05,5.683e-05,5.683e-05,5053.0,2019-11-14 11:00:00
2114,1573725600000,5.724e-05,5.729e-05,5.692e-05,5.708e-05,2453.0,2019-11-14 10:00:00
2115,1573722000000,5.748e-05,5.753e-05,5.681e-05,5.725e-05,12462.0,2019-11-14 09:00:00
2116,1573718400000,5.734e-05,5.78e-05,5.672e-05,5.74e-05,19204.0,2019-11-14 08:00:00
2117,1573714800000,5.736e-05,5.759e-05,5.7e-05,5.734e-05,19071.0,2019-11-14 07:00:00
2118,1573711200000,5.733e-05,5.766e-05,5.712e-05,5.732e-05,2208.0,2019-11-14 06:00:00
2119,1573707600000,5.769e-05,5.78e-05,5.706e-05,5.706e-05,6221.0,2019-11-14 05:00:00
2120,1573704000000,5.76e-05,5.79e-05,5.75e-05,5.753e-05,5883.0,2019-11-14 04:00:00
2121,1573700400000,5.755e-05,5.775e-05,5.748e-05,5.748e-05,8520.0,2019-11-14 03:00:00
2122,1573696800000,5.774e-05,5.775e-05,5.739e-05,5.775e-05,7676.0,2019-11-14 02:00:00
2123,1573693200000,5.762e-05,5.775e-05,5.762e-05,5.775e-05,328.0,2019-11-14 01:00:00
2124,1573689600000,5.753e-05,5.763e-05,5.738e-05,5.763e-05,2140.0,2019-11-14 00:00:00
2125,1573686000000,5.734e-05,5.761e-05,5.734e-05,5.753e-05,3472.0,2019-11-13 23:00:00
2126,1573682400000,5.749e-05,5.749e-05,5.734e-05,5.749e-05,355.0,2019-11-13 22:00:00
2127,1573678800000,5.735e-05,5.749e-05,5.734e-05,5.734e-05,999.0,2019-11-13 21:00:00
2128,1573675200000,5.736e-05,5.757e-05,5.736e-05,5.737e-05,628.0,2019-11-13 20:00:00
2129,1573671600000,5.731e-05,5.76e-05,5.716e-05,5.742e-05,2281.0,2019-11-13 19:00:00
2130,1573668000000,5.76e-05,5.76e-05,5.71e-05,5.729e-05,4573.0,2019-11-13 18:00:00
2131,1573664400000,5.73e-05,5.76e-05,5.73e-05,5.76e-05,6342.0,2019-11-13 17:00:00
2132,1573660800000,5.748e-05,5.758e-05,5.721e-05,5.73e-05,3147.0,2019-11-13 16:00:00
2133,1573657200000,5.758e-05,5.783e-05,5.757e-05,5.758e-05,5627.0,2019-11-13 15:00:00
2134,1573653600000,5.765e-05,5.767e-05,5.744e-05,5.763e-05,15504.0,2019-11-13 14:00:00
2135,1573650000000,5.751e-05,5.769e-05,5.742e-05,5.765e-05,10130.0,2019-11-13 13:00:00
2136,1573646400000,5.76e-05,5.769e-05,5.744e-05,5.751e-05,2839.0,2019-11-13 12:00:00
2137,1573642800000,5.734e-05,5.761e-05,5.719e-05,5.761e-05,14132.0,2019-11-13 11:00:00
2138,1573639200000,5.741e-05,5.755e-05,5.717e-05,5.74e-05,16009.0,2019-11-13 10:00:00
2139,1573635600000,5.741e-05,5.741e-05,5.705e-05,5.741e-05,12822.0,2019-11-13 09:00:00
2140,1573632000000,5.746e-05,5.753e-05,5.684e-05,5.741e-05,29373.0,2019-11-13 08:00:00
2141,1573628400000,5.76e-05,5.773e-05,5.727e-05,5.736e-05,12430.0,2019-11-13 07:00:00
2142,1573624800000,5.789e-05,5.789e-05,5.764e-05,5.77e-05,2149.0,2019-11-13 06:00:00
2143,1573621200000,5.796e-05,5.801e-05,5.704e-05,5.786e-05,6233.0,2019-11-13 05:00:00
2144,1573617600000,5.794e-05,5.805e-05,5.676e-05,5.805e-05,17224.0,2019-11-13 04:00:00
2145,1573606800000,5.779e-05,5.81e-05,5.778e-05,5.808e-05,6937.0,2019-11-13 01:00:00
2146,1573603200000,5.766e-05,5.781e-05,5.736e-05,5.769e-05,11784.0,2019-11-13 00:00:00
2147,1573599600000,5.792e-05,5.799e-05,5.766e-05,5.766e-05,2257.0,2019-11-12 23:00:00
2148,1573596000000,5.782e-05,5.883e-05,5.706e-05,5.795e-05,37894.0,2019-11-12 22:00:00
2149,1573592400000,5.782e-05,5.86e-05,5.685e-05,5.782e-05,37112.0,2019-11-12 21:00:00
2150,1573588800000,5.793e-05,5.806e-05,5.783e-05,5.804e-05,1496.0,2019-11-12 20:00:00
2151,1573585200000,5.778e-05,5.828e-05,5.75e-05,5.802e-05,16511.0,2019-11-12 19:00:00
2152,1573581600000,5.729e-05,5.78e-05,5.728e-05,5.755e-05,6999.0,2019-11-12 18:00:00
2153,1573578000000,5.847e-05,5.86e-05,5.715e-05,5.75e-05,53716.0,2019-11-12 17:00:00
2154,1573574400000,5.841e-05,5.89e-05,5.817e-05,5.882e-05,18835.0,2019-11-12 16:00:00
2155,1573570800000,5.841e-05,5.85e-05,5.806e-05,5.829e-05,5581.0,2019-11-12 15:00:00
2156,1573567200000,5.842e-05,5.868e-05,5.819e-05,5.832e-05,6232.0,2019-11-12 14:00:00
2157,1573563600000,5.874e-05,5.883e-05,5.807e-05,5.831e-05,16294.0,2019-11-12 13:00:00
2158,1573560000000,5.806e-05,5.89e-05,5.748e-05,5.877e-05,39266.0,2019-11-12 12:00:00
2159,1573556400000,5.82e-05,5.84e-05,5.775e-05,5.826e-05,22814.0,2019-11-12 11:00:00
2160,1573552800000,5.798e-05,5.819e-05,5.767e-05,5.815e-05,6640.0,2019-11-12 10:00:00
2161,1573549200000,5.789e-05,5.823e-05,5.785e-05,5.809e-05,6914.0,2019-11-12 09:00:00
2162,1573545600000,5.797e-05,5.81e-05,5.782e-05,5.788e-05,24065.0,2019-11-12 08:00:00
2163,1573542000000,5.821e-05,5.832e-05,5.767e-05,5.798e-05,39955.0,2019-11-12 07:00:00
2164,1573538400000,5.84e-05,5.855e-05,5.787e-05,5.807e-05,14986.0,2019-11-12 06:00:00
2165,1573534800000,5.844e-05,5.876e-05,5.821e-05,5.849e-05,3302.0,2019-11-12 05:00:00
2166,1573531200000,5.847e-05,5.847e-05,5.835e-05,5.846e-05,7156.0,2019-11-12 04:00:00
2167,1573527600000,5.838e-05,5.859e-05,5.804e-05,5.847e-05,14316.0,2019-11-12 03:00:00
2168,1573524000000,5.907e-05,5.91e-05,5.837e-05,5.849e-05,17324.0,2019-11-12 02:00:00
2169,1573520400000,5.888e-05,5.91e-05,5.888e-05,5.908e-05,12222.0,2019-11-12 01:00:00
2170,1573516800000,5.904e-05,5.904e-05,5.888e-05,5.888e-05,26373.0,2019-11-12 00:00:00
2171,1573513200000,5.888e-05,5.904e-05,5.888e-05,5.904e-05,13470.0,2019-11-11 23:00:00
2172,1573509600000,5.891e-05,5.891e-05,5.867e-05,5.867e-05,3276.0,2019-11-11 22:00:00
2173,1573506000000,5.875e-05,5.907e-05,5.867e-05,5.867e-05,14733.0,2019-11-11 21:00:00
2174,1573502400000,5.869e-05,5.887e-05,5.867e-05,5.886e-05,6827.0,2019-11-11 20:00:00
2175,1573498800000,5.909e-05,5.945e-05,5.867e-05,5.891e-05,17922.0,2019-11-11 19:00:00
2176,1573495200000,5.9e-05,5.907e-05,5.838e-05,5.907e-05,50734.0,2019-11-11 18:00:00
2177,1573491600000,5.936e-05,6.079e-05,5.824e-05,5.9e-05,464539.0,2019-11-11 17:00:00
2178,1573488000000,5.886e-05,6.406e-05,5.856e-05,5.936e-05,638674.0,2019-11-11 16:00:00
2179,1573484400000,5.882e-05,5.901e-05,5.85e-05,5.88e-05,20384.0,2019-11-11 15:00:00
2180,1573480800000,5.878e-05,5.898e-05,5.861e-05,5.862e-05,5724.0,2019-11-11 14:00:00
2181,1573477200000,5.856e-05,5.88e-05,5.854e-05,5.862e-05,7128.0,2019-11-11 13:00:00
2182,1573473600000,5.825e-05,5.858e-05,5.825e-05,5.851e-05,4118.0,2019-11-11 12:00:00
2183,1573470000000,5.837e-05,5.859e-05,5.786e-05,5.839e-05,8554.0,2019-11-11 11:00:00
2184,1573466400000,5.757e-05,5.837e-05,5.734e-05,5.837e-05,14610.0,2019-11-11 10:00:00
2185,1573462800000,5.809e-05,5.858e-05,5.726e-05,5.754e-05,47716.0,2019-11-11 09:00:00
2186,1573459200000,5.852e-05,5.9e-05,5.782e-05,5.836e-05,30086.0,2019-11-11 08:00:00
2187,1573455600000,5.817e-05,5.881e-05,5.795e-05,5.85e-05,70066.0,2019-11-11 07:00:00
2188,1573452000000,5.831e-05,5.833e-05,5.783e-05,5.82e-05,4236.0,2019-11-11 06:00:00
2189,1573448400000,5.808e-05,5.831e-05,5.801e-05,5.831e-05,5997.0,2019-11-11 05:00:00
2190,1573444800000,5.764e-05,5.809e-05,5.738e-05,5.809e-05,8887.0,2019-11-11 04:00:00
2191,1573441200000,5.715e-05,5.806e-05,5.706e-05,5.762e-05,18645.0,2019-11-11 03:00:00
2192,1573437600000,5.792e-05,5.802e-05,5.671e-05,5.716e-05,51164.0,2019-11-11 02:00:00
2193,1573434000000,5.783e-05,5.796e-05,5.751e-05,5.76e-05,17760.0,2019-11-11 01:00:00
2194,1573430400000,5.788e-05,5.804e-05,5.777e-05,5.804e-05,7440.0,2019-11-11 00:00:00
2195,1573426800000,5.799e-05,5.799e-05,5.755e-05,5.755e-05,1310.0,2019-11-10 23:00:00
2196,1573423200000,5.801e-05,5.816e-05,5.75e-05,5.774e-05,13895.0,2019-11-10 22:00:00
2197,1573419600000,5.776e-05,5.814e-05,5.773e-05,5.8e-05,1503.0,2019-11-10 21:00:00
2198,1573416000000,5.79e-05,5.8e-05,5.771e-05,5.771e-05,163.0,2019-11-10 20:00:00
2199,1573412400000,5.803e-05,5.853e-05,5.771e-05,5.773e-05,13070.0,2019-11-10 19:00:00
2200,1573408800000,5.79e-05,5.853e-05,5.78e-05,5.803e-05,23321.0,2019-11-10 18:00:00
2201,1573405200000,5.743e-05,5.838e-05,5.72e-05,5.816e-05,46244.0,2019-11-10 17:00:00
2202,1573401600000,5.798e-05,5.805e-05,5.6e-05,5.743e-05,41294.0,2019-11-10 16:00:00
2203,1573398000000,5.793e-05,5.799e-05,5.792e-05,5.798e-05,2371.0,2019-11-10 15:00:00
2204,1573394400000,5.802e-05,5.806e-05,5.739e-05,5.801e-05,12645.0,2019-11-10 14:00:00
2205,1573390800000,5.778e-05,5.804e-05,5.778e-05,5.804e-05,2256.0,2019-11-10 13:00:00
2206,1573387200000,5.788e-05,5.792e-05,5.788e-05,5.792e-05,5221.0,2019-11-10 12:00:00
2207,1573383600000,5.804e-05,5.816e-05,5.759e-05,5.788e-05,4538.0,2019-11-10 11:00:00
2208,1573380000000,5.788e-05,5.802e-05,5.787e-05,5.787e-05,1000.0,2019-11-10 10:00:00
2209,1573376400000,5.806e-05,5.825e-05,5.773e-05,5.776e-05,10647.0,2019-11-10 09:00:00
2210,1573372800000,5.78e-05,5.824e-05,5.78e-05,5.824e-05,14518.0,2019-11-10 08:00:00
2211,1573369200000,5.792e-05,5.8e-05,5.772e-05,5.772e-05,2014.0,2019-11-10 07:00:00
2212,1573365600000,5.801e-05,5.801e-05,5.774e-05,5.777e-05,868.0,2019-11-10 06:00:00
2213,1573362000000,5.785e-05,5.801e-05,5.785e-05,5.801e-05,4758.0,2019-11-10 05:00:00
2214,1573358400000,5.795e-05,5.807e-05,5.758e-05,5.78e-05,3435.0,2019-11-10 04:00:00
2215,1573354800000,5.744e-05,5.834e-05,5.726e-05,5.792e-05,11658.0,2019-11-10 03:00:00
2216,1573351200000,5.763e-05,5.793e-05,5.751e-05,5.783e-05,2514.0,2019-11-10 02:00:00
2217,1573347600000,5.771e-05,5.771e-05,5.762e-05,5.763e-05,2277.0,2019-11-10 01:00:00
2218,1573344000000,5.769e-05,5.793e-05,5.762e-05,5.79e-05,3336.0,2019-11-10 00:00:00
2219,1573340400000,5.743e-05,5.763e-05,5.724e-05,5.762e-05,6227.0,2019-11-09 23:00:00
2220,1573336800000,5.759e-05,5.763e-05,5.743e-05,5.762e-05,3430.0,2019-11-09 22:00:00
2221,1573333200000,5.789e-05,5.79e-05,5.727e-05,5.756e-05,8432.0,2019-11-09 21:00:00
2222,1573329600000,5.789e-05,5.789e-05,5.788e-05,5.789e-05,440.0,2019-11-09 20:00:00
2223,1573326000000,5.766e-05,5.79e-05,5.76e-05,5.788e-05,5150.0,2019-11-09 19:00:00
2224,1573322400000,5.764e-05,5.78e-05,5.752e-05,5.767e-05,2013.0,2019-11-09 18:00:00
2225,1573318800000,5.757e-05,5.799e-05,5.752e-05,5.764e-05,5965.0,2019-11-09 17:00:00
2226,1573315200000,5.764e-05,5.777e-05,5.749e-05,5.776e-05,7717.0,2019-11-09 16:00:00
2227,1573311600000,5.756e-05,5.764e-05,5.741e-05,5.745e-05,2984.0,2019-11-09 15:00:00
2228,1573308000000,5.759e-05,5.765e-05,5.727e-05,5.756e-05,11071.0,2019-11-09 14:00:00
2229,1573304400000,5.747e-05,5.765e-05,5.747e-05,5.76e-05,2427.0,2019-11-09 13:00:00
2230,1573300800000,5.747e-05,5.773e-05,5.747e-05,5.747e-05,3939.0,2019-11-09 12:00:00
2231,1573297200000,5.737e-05,5.759e-05,5.734e-05,5.759e-05,2051.0,2019-11-09 11:00:00
2232,1573293600000,5.734e-05,5.769e-05,5.734e-05,5.739e-05,11934.0,2019-11-09 10:00:00
2233,1573290000000,5.732e-05,5.734e-05,5.732e-05,5.734e-05,485.0,2019-11-09 09:00:00
2234,1573286400000,5.72e-05,5.749e-05,5.719e-05,5.749e-05,4168.0,2019-11-09 08:00:00
2235,1573282800000,5.715e-05,5.72e-05,5.709e-05,5.72e-05,4583.0,2019-11-09 07:00:00
2236,1573279200000,5.734e-05,5.737e-05,5.715e-05,5.715e-05,2476.0,2019-11-09 06:00:00
2237,1573275600000,5.734e-05,5.738e-05,5.734e-05,5.738e-05,34.0,2019-11-09 05:00:00
2238,1573272000000,5.723e-05,5.747e-05,5.723e-05,5.747e-05,1404.0,2019-11-09 04:00:00
2239,1573268400000,5.745e-05,5.767e-05,5.713e-05,5.713e-05,6171.0,2019-11-09 03:00:00
2240,1573264800000,5.763e-05,5.778e-05,5.714e-05,5.741e-05,13755.0,2019-11-09 02:00:00
2241,1573261200000,5.762e-05,5.763e-05,5.747e-05,5.747e-05,207.0,2019-11-09 01:00:00
2242,1573257600000,5.761e-05,5.764e-05,5.738e-05,5.74e-05,5049.0,2019-11-09 00:00:00
2243,1573254000000,5.754e-05,5.759e-05,5.711e-05,5.756e-05,17435.0,2019-11-08 23:00:00
2244,1573250400000,5.762e-05,5.762e-05,5.746e-05,5.755e-05,3330.0,2019-11-08 22:00:00
2245,1573246800000,5.71e-05,5.764e-05,5.707e-05,5.747e-05,11429.0,2019-11-08 21:00:00
2246,1573243200000,5.726e-05,5.764e-05,5.696e-05,5.701e-05,14062.0,2019-11-08 20:00:00
2247,1573239600000,5.689e-05,5.72e-05,5.689e-05,5.72e-05,3290.0,2019-11-08 19:00:00
2248,1573236000000,5.696e-05,5.719e-05,5.684e-05,5.686e-05,1469.0,2019-11-08 18:00:00
2249,1573232400000,5.687e-05,5.688e-05,5.686e-05,5.688e-05,857.0,2019-11-08 17:00:00
2250,1573228800000,5.664e-05,5.689e-05,5.607e-05,5.689e-05,9340.0,2019-11-08 16:00:00
2251,1573225200000,5.615e-05,5.664e-05,5.6e-05,5.664e-05,2021.0,2019-11-08 15:00:00
2252,1573221600000,5.7e-05,5.7e-05,5.61e-05,5.622e-05,15619.0,2019-11-08 14:00:00
2253,1573218000000,5.701e-05,5.79e-05,5.679e-05,5.691e-05,22303.0,2019-11-08 13:00:00
2254,1573214400000,5.701e-05,5.712e-05,5.686e-05,5.699e-05,4099.0,2019-11-08 12:00:00
2255,1573210800000,5.673e-05,5.7e-05,5.67e-05,5.7e-05,1834.0,2019-11-08 11:00:00
2256,1573207200000,5.647e-05,5.696e-05,5.63e-05,5.678e-05,9389.0,2019-11-08 10:00:00
2257,1573203600000,5.671e-05,5.704e-05,5.616e-05,5.691e-05,12551.0,2019-11-08 09:00:00
2258,1573200000000,5.67e-05,5.693e-05,5.618e-05,5.662e-05,13965.0,2019-11-08 08:00:00
2259,1573196400000,5.632e-05,5.672e-05,5.631e-05,5.672e-05,1227.0,2019-11-08 07:00:00
2260,1573192800000,5.638e-05,5.664e-05,5.618e-05,5.631e-05,3698.0,2019-11-08 06:00:00
2261,1573189200000,5.66e-05,5.71e-05,5.626e-05,5.64e-05,9916.0,2019-11-08 05:00:00
2262,1573185600000,5.666e-05,5.692e-05,5.645e-05,5.661e-05,3808.0,2019-11-08 04:00:00
2263,1573182000000,5.675e-05,5.696e-05,5.666e-05,5.696e-05,672.0,2019-11-08 03:00:00
2264,1573178400000,5.684e-05,5.699e-05,5.66e-05,5.68e-05,2846.0,2019-11-08 02:00:00
2265,1573174800000,5.707e-05,5.714e-05,5.676e-05,5.685e-05,1474.0,2019-11-08 01:00:00
2266,1573171200000,5.695e-05,5.726e-05,5.676e-05,5.705e-05,7155.0,2019-11-08 00:00:00
2267,1573167600000,5.675e-05,5.704e-05,5.675e-05,5.697e-05,8520.0,2019-11-07 23:00:00
2268,1573164000000,5.696e-05,5.697e-05,5.644e-05,5.674e-05,4863.0,2019-11-07 22:00:00
2269,1573160400000,5.696e-05,5.732e-05,5.696e-05,5.696e-05,4720.0,2019-11-07 21:00:00
2270,1573156800000,5.697e-05,5.721e-05,5.696e-05,5.696e-05,7170.0,2019-11-07 20:00:00
2271,1573153200000,5.697e-05,5.705e-05,5.696e-05,5.697e-05,1654.0,2019-11-07 19:00:00
2272,1573149600000,5.705e-05,5.726e-05,5.696e-05,5.697e-05,10391.0,2019-11-07 18:00:00
2273,1573146000000,5.652e-05,5.71e-05,5.652e-05,5.696e-05,7964.0,2019-11-07 17:00:00
2274,1573142400000,5.652e-05,5.677e-05,5.648e-05,5.667e-05,1009.0,2019-11-07 16:00:00
2275,1573138800000,5.666e-05,5.68e-05,5.639e-05,5.668e-05,2999.0,2019-11-07 15:00:00
2276,1573135200000,5.644e-05,5.68e-05,5.644e-05,5.678e-05,4496.0,2019-11-07 14:00:00
2277,1573131600000,5.676e-05,5.678e-05,5.604e-05,5.645e-05,12143.0,2019-11-07 13:00:00
2278,1573128000000,5.633e-05,5.679e-05,5.607e-05,5.677e-05,2436.0,2019-11-07 12:00:00
2279,1573124400000,5.676e-05,5.676e-05,5.6e-05,5.659e-05,11051.0,2019-11-07 11:00:00
2280,1573120800000,5.676e-05,5.685e-05,5.632e-05,5.676e-05,22038.0,2019-11-07 10:00:00
2281,1573117200000,5.676e-05,5.7e-05,5.64e-05,5.677e-05,14226.0,2019-11-07 09:00:00
2282,1573113600000,5.687e-05,5.694e-05,5.639e-05,5.666e-05,10787.0,2019-11-07 08:00:00
2283,1573110000000,5.722e-05,5.764e-05,5.683e-05,5.683e-05,8779.0,2019-11-07 07:00:00
2284,1573106400000,5.758e-05,5.758e-05,5.683e-05,5.713e-05,4954.0,2019-11-07 06:00:00
2285,1573102800000,5.725e-05,5.768e-05,5.708e-05,5.758e-05,6024.0,2019-11-07 05:00:00
2286,1573099200000,5.726e-05,5.774e-05,5.671e-05,5.718e-05,15835.0,2019-11-07 04:00:00
2287,1573095600000,5.729e-05,5.788e-05,5.693e-05,5.73e-05,19324.0,2019-11-07 03:00:00
2288,1573092000000,5.769e-05,5.792e-05,5.704e-05,5.745e-05,21032.0,2019-11-07 02:00:00
2289,1573088400000,5.746e-05,5.8e-05,5.746e-05,5.774e-05,27944.0,2019-11-07 01:00:00
2290,1573084800000,5.687e-05,5.78e-05,5.668e-05,5.744e-05,27128.0,2019-11-07 00:00:00
2291,1573081200000,5.679e-05,5.696e-05,5.659e-05,5.687e-05,10401.0,2019-11-06 23:00:00
2292,1573077600000,5.676e-05,5.679e-05,5.659e-05,5.679e-05,4217.0,2019-11-06 22:00:00
2293,1573074000000,5.695e-05,5.701e-05,5.675e-05,5.695e-05,1750.0,2019-11-06 21:00:00
2294,1573070400000,5.695e-05,5.695e-05,5.679e-05,5.68e-05,469.0,2019-11-06 20:00:00
2295,1573066800000,5.699e-05,5.702e-05,5.693e-05,5.697e-05,2316.0,2019-11-06 19:00:00
2296,1573063200000,5.699e-05,5.699e-05,5.66e-05,5.699e-05,4972.0,2019-11-06 18:00:00
2297,1573059600000,5.679e-05,5.7e-05,5.678e-05,5.7e-05,8913.0,2019-11-06 17:00:00
2298,1573056000000,5.683e-05,5.687e-05,5.663e-05,5.664e-05,2477.0,2019-11-06 16:00:00
2299,1573052400000,5.669e-05,5.67e-05,5.669e-05,5.669e-05,1972.0,2019-11-06 15:00:00
2300,1573048800000,5.659e-05,5.689e-05,5.659e-05,5.683e-05,4577.0,2019-11-06 14:00:00
2301,1573045200000,5.667e-05,5.689e-05,5.648e-05,5.688e-05,4957.0,2019-11-06 13:00:00
2302,1573041600000,5.662e-05,5.675e-05,5.64e-05,5.664e-05,2592.0,2019-11-06 12:00:00
2303,1573038000000,5.63e-05,5.679e-05,5.615e-05,5.654e-05,3651.0,2019-11-06 11:00:00
2304,1573034400000,5.68e-05,5.72e-05,5.619e-05,5.649e-05,21605.0,2019-11-06 10:00:00
2305,1573030800000,5.712e-05,5.732e-05,5.676e-05,5.676e-05,5223.0,2019-11-06 09:00:00
2306,1573027200000,5.707e-05,5.751e-05,5.65e-05,5.712e-05,24168.0,2019-11-06 08:00:00
2307,1573023600000,5.698e-05,5.715e-05,5.65e-05,5.715e-05,17124.0,2019-11-06 07:00:00
2308,1573020000000,5.707e-05,5.715e-05,5.673e-05,5.693e-05,8238.0,2019-11-06 06:00:00
2309,1573016400000,5.681e-05,5.71e-05,5.668e-05,5.668e-05,3732.0,2019-11-06 05:00:00
2310,1573012800000,5.665e-05,5.708e-05,5.648e-05,5.681e-05,11293.0,2019-11-06 04:00:00
2311,1573009200000,5.686e-05,5.724e-05,5.634e-05,5.665e-05,10858.0,2019-11-06 03:00:00
2312,1573005600000,5.672e-05,5.702e-05,5.594e-05,5.69e-05,15181.0,2019-11-06 02:00:00
2313,1573002000000,5.675e-05,5.704e-05,5.638e-05,5.638e-05,8410.0,2019-11-06 01:00:00
2314,1572998400000,5.673e-05,5.692e-05,5.656e-05,5.688e-05,5159.0,2019-11-06 00:00:00
2315,1572994800000,5.683e-05,5.703e-05,5.612e-05,5.665e-05,11885.0,2019-11-05 23:00:00
2316,1572991200000,5.635e-05,5.69e-05,5.593e-05,5.682e-05,11601.0,2019-11-05 22:00:00
2317,1572987600000,5.617e-05,5.66e-05,5.595e-05,5.657e-05,10173.0,2019-11-05 21:00:00
2318,1572984000000,5.606e-05,5.634e-05,5.575e-05,5.617e-05,12886.0,2019-11-05 20:00:00
2319,1572980400000,5.623e-05,5.629e-05,5.6e-05,5.604e-05,4126.0,2019-11-05 19:00:00
2320,1572976800000,5.608e-05,5.623e-05,5.595e-05,5.6e-05,3886.0,2019-11-05 18:00:00
2321,1572973200000,5.639e-05,5.666e-05,5.573e-05,5.624e-05,13097.0,2019-11-05 17:00:00
2322,1572969600000,5.603e-05,5.662e-05,5.579e-05,5.603e-05,15679.0,2019-11-05 16:00:00
2323,1572966000000,5.577e-05,5.605e-05,5.546e-05,5.583e-05,2314.0,2019-11-05 15:00:00
2324,1572962400000,5.605e-05,5.616e-05,5.565e-05,5.589e-05,5904.0,2019-11-05 14:00:00
2325,1572958800000,5.603e-05,5.62e-05,5.58e-05,5.605e-05,10711.0,2019-11-05 13:00:00
2326,1572955200000,5.6e-05,5.603e-05,5.577e-05,5.603e-05,3276.0,2019-11-05 12:00:00
2327,1572951600000,5.597e-05,5.627e-05,5.573e-05,5.605e-05,3002.0,2019-11-05 11:00:00
2328,1572948000000,5.57e-05,5.608e-05,5.569e-05,5.608e-05,1990.0,2019-11-05 10:00:00
2329,1572944400000,5.606e-05,5.625e-05,5.566e-05,5.575e-05,5625.0,2019-11-05 09:00:00
2330,1572940800000,5.596e-05,5.605e-05,5.596e-05,5.605e-05,391.0,2019-11-05 08:00:00
2331,1572937200000,5.585e-05,5.652e-05,5.549e-05,5.596e-05,20466.0,2019-11-05 07:00:00
2332,1572933600000,5.592e-05,5.624e-05,5.579e-05,5.586e-05,9043.0,2019-11-05 06:00:00
2333,1572930000000,5.596e-05,5.597e-05,5.564e-05,5.591e-05,822.0,2019-11-05 05:00:00
2334,1572926400000,5.578e-05,5.637e-05,5.553e-05,5.594e-05,4103.0,2019-11-05 04:00:00
2335,1572922800000,5.557e-05,5.578e-05,5.549e-05,5.549e-05,1482.0,2019-11-05 03:00:00
2336,1572919200000,5.536e-05,5.578e-05,5.507e-05,5.577e-05,3719.0,2019-11-05 02:00:00
2337,1572915600000,5.562e-05,5.578e-05,5.562e-05,5.577e-05,3598.0,2019-11-05 01:00:00
2338,1572912000000,5.554e-05,5.577e-05,5.53e-05,5.535e-05,4856.0,2019-11-05 00:00:00
2339,1572908400000,5.569e-05,5.578e-05,5.556e-05,5.578e-05,9378.0,2019-11-04 23:00:00
2340,1572904800000,5.578e-05,5.578e-05,5.552e-05,5.552e-05,1350.0,2019-11-04 22:00:00
2341,1572901200000,5.538e-05,5.678e-05,5.538e-05,5.595e-05,6538.0,2019-11-04 21:00:00
2342,1572897600000,5.629e-05,5.63e-05,5.5e-05,5.538e-05,25908.0,2019-11-04 20:00:00
2343,1572894000000,5.657e-05,5.657e-05,5.629e-05,5.629e-05,678.0,2019-11-04 19:00:00
2344,1572890400000,5.629e-05,5.657e-05,5.622e-05,5.657e-05,5874.0,2019-11-04 18:00:00
2345,1572886800000,5.632e-05,5.637e-05,5.614e-05,5.628e-05,2447.0,2019-11-04 17:00:00
2346,1572883200000,5.67e-05,5.691e-05,5.591e-05,5.633e-05,36090.0,2019-11-04 16:00:00
2347,1572879600000,5.64e-05,5.665e-05,5.6e-05,5.665e-05,5830.0,2019-11-04 15:00:00
2348,1572876000000,5.662e-05,5.662e-05,5.64e-05,5.64e-05,12617.0,2019-11-04 14:00:00
2349,1572872400000,5.665e-05,5.665e-05,5.613e-05,5.662e-05,11668.0,2019-11-04 13:00:00
2350,1572868800000,5.638e-05,5.662e-05,5.63e-05,5.647e-05,3943.0,2019-11-04 12:00:00
2351,1572865200000,5.628e-05,5.637e-05,5.603e-05,5.637e-05,1227.0,2019-11-04 11:00:00
2352,1572861600000,5.618e-05,5.632e-05,5.602e-05,5.602e-05,5475.0,2019-11-04 10:00:00
2353,1572858000000,5.603e-05,5.631e-05,5.603e-05,5.61e-05,2885.0,2019-11-04 09:00:00
2354,1572854400000,5.596e-05,5.6e-05,5.573e-05,5.595e-05,2605.0,2019-11-04 08:00:00
2355,1572850800000,5.567e-05,5.598e-05,5.564e-05,5.597e-05,4209.0,2019-11-04 07:00:00
2356,1572847200000,5.59e-05,5.599e-05,5.564e-05,5.564e-05,10184.0,2019-11-04 06:00:00
2357,1572843600000,5.638e-05,5.64e-05,5.584e-05,5.59e-05,10757.0,2019-11-04 05:00:00
2358,1572840000000,5.629e-05,5.681e-05,5.629e-05,5.651e-05,11378.0,2019-11-04 04:00:00
2359,1572836400000,5.612e-05,5.652e-05,5.603e-05,5.633e-05,14771.0,2019-11-04 03:00:00
2360,1572832800000,5.639e-05,5.658e-05,5.608e-05,5.608e-05,8676.0,2019-11-04 02:00:00
2361,1572829200000,5.636e-05,5.653e-05,5.61e-05,5.619e-05,6043.0,2019-11-04 01:00:00
2362,1572825600000,5.64e-05,5.659e-05,5.614e-05,5.637e-05,11044.0,2019-11-04 00:00:00
2363,1572822000000,5.654e-05,5.666e-05,5.64e-05,5.64e-05,6412.0,2019-11-03 23:00:00
2364,1572818400000,5.666e-05,5.666e-05,5.65e-05,5.65e-05,2246.0,2019-11-03 22:00:00
2365,1572814800000,5.67e-05,5.698e-05,5.655e-05,5.666e-05,2219.0,2019-11-03 21:00:00
2366,1572811200000,5.689e-05,5.689e-05,5.668e-05,5.67e-05,2191.0,2019-11-03 20:00:00
2367,1572807600000,5.659e-05,5.697e-05,5.655e-05,5.693e-05,1408.0,2019-11-03 19:00:00
2368,1572804000000,5.659e-05,5.689e-05,5.656e-05,5.659e-05,728.0,2019-11-03 18:00:00
2369,1572800400000,5.687e-05,5.687e-05,5.658e-05,5.659e-05,3537.0,2019-11-03 17:00:00
2370,1572796800000,5.655e-05,5.699e-05,5.655e-05,5.68e-05,4589.0,2019-11-03 16:00:00
2371,1572793200000,5.679e-05,5.692e-05,5.645e-05,5.652e-05,3845.0,2019-11-03 15:00:00
2372,1572789600000,5.619e-05,5.706e-05,5.619e-05,5.665e-05,20671.0,2019-11-03 14:00:00
2373,1572786000000,5.605e-05,5.69e-05,5.572e-05,5.634e-05,46315.0,2019-11-03 13:00:00
2374,1572782400000,5.559e-05,5.618e-05,5.557e-05,5.586e-05,5610.0,2019-11-03 12:00:00
2375,1572778800000,5.607e-05,5.626e-05,5.52e-05,5.531e-05,16899.0,2019-11-03 11:00:00
2376,1572775200000,5.59e-05,5.631e-05,5.576e-05,5.612e-05,4770.0,2019-11-03 10:00:00
2377,1572771600000,5.596e-05,5.626e-05,5.564e-05,5.58e-05,3124.0,2019-11-03 09:00:00
2378,1572768000000,5.603e-05,5.628e-05,5.591e-05,5.591e-05,2358.0,2019-11-03 08:00:00
2379,1572764400000,5.59e-05,5.623e-05,5.59e-05,5.623e-05,1126.0,2019-11-03 07:00:00
2380,1572760800000,5.589e-05,5.606e-05,5.583e-05,5.59e-05,8374.0,2019-11-03 06:00:00
2381,1572757200000,5.589e-05,5.62e-05,5.573e-05,5.588e-05,9437.0,2019-11-03 05:00:00
2382,1572753600000,5.581e-05,5.608e-05,5.574e-05,5.607e-05,1082.0,2019-11-03 04:00:00
2383,1572750000000,5.572e-05,5.602e-05,5.541e-05,5.576e-05,2471.0,2019-11-03 03:00:00
2384,1572746400000,5.575e-05,5.593e-05,5.554e-05,5.562e-05,4842.0,2019-11-03 02:00:00
2385,1572742800000,5.608e-05,5.612e-05,5.584e-05,5.603e-05,508.0,2019-11-03 01:00:00
2386,1572739200000,5.612e-05,5.619e-05,5.532e-05,5.606e-05,4183.0,2019-11-03 00:00:00
2387,1572735600000,5.591e-05,5.619e-05,5.525e-05,5.619e-05,12286.0,2019-11-02 23:00:00
2388,1572732000000,5.595e-05,5.599e-05,5.588e-05,5.59e-05,2087.0,2019-11-02 22:00:00
2389,1572728400000,5.604e-05,5.627e-05,5.595e-05,5.595e-05,2034.0,2019-11-02 21:00:00
2390,1572724800000,5.607e-05,5.628e-05,5.607e-05,5.607e-05,1619.0,2019-11-02 20:00:00
2391,1572721200000,5.591e-05,5.601e-05,5.58e-05,5.601e-05,2336.0,2019-11-02 19:00:00
2392,1572717600000,5.595e-05,5.62e-05,5.585e-05,5.585e-05,509.0,2019-11-02 18:00:00
2393,1572714000000,5.615e-05,5.63e-05,5.594e-05,5.618e-05,7081.0,2019-11-02 17:00:00
2394,1572710400000,5.604e-05,5.617e-05,5.587e-05,5.615e-05,4159.0,2019-11-02 16:00:00
2395,1572706800000,5.6e-05,5.633e-05,5.59e-05,5.63e-05,6031.0,2019-11-02 15:00:00
2396,1572703200000,5.592e-05,5.625e-05,5.575e-05,5.616e-05,1599.0,2019-11-02 14:00:00
2397,1572699600000,5.603e-05,5.628e-05,5.557e-05,5.613e-05,11258.0,2019-11-02 13:00:00
2398,1572696000000,5.644e-05,5.664e-05,5.603e-05,5.603e-05,6907.0,2019-11-02 12:00:00
2399,1572692400000,5.667e-05,5.668e-05,5.637e-05,5.642e-05,2472.0,2019-11-02 11:00:00
2400,1572688800000,5.633e-05,5.668e-05,5.633e-05,5.666e-05,2832.0,2019-11-02 10:00:00
2401,1572685200000,5.643e-05,5.665e-05,5.627e-05,5.633e-05,2374.0,2019-11-02 09:00:00
2402,1572681600000,5.669e-05,5.669e-05,5.62e-05,5.62e-05,3701.0,2019-11-02 08:00:00
2403,1572678000000,5.677e-05,5.677e-05,5.63e-05,5.641e-05,5734.0,2019-11-02 07:00:00
2404,1572674400000,5.666e-05,5.683e-05,5.664e-05,5.683e-05,1731.0,2019-11-02 06:00:00
2405,1572670800000,5.682e-05,5.716e-05,5.665e-05,5.665e-05,1784.0,2019-11-02 05:00:00
2406,1572667200000,5.671e-05,5.694e-05,5.653e-05,5.662e-05,4293.0,2019-11-02 04:00:00
2407,1572663600000,5.651e-05,5.698e-05,5.631e-05,5.67e-05,8785.0,2019-11-02 03:00:00
2408,1572660000000,5.631e-05,5.838e-05,5.631e-05,5.651e-05,27902.0,2019-11-02 02:00:00
2409,1572656400000,5.649e-05,5.663e-05,5.587e-05,5.625e-05,7946.0,2019-11-02 01:00:00
2410,1572652800000,5.714e-05,5.718e-05,5.631e-05,5.631e-05,9180.0,2019-11-02 00:00:00
2411,1572649200000,5.61e-05,5.838e-05,5.574e-05,5.731e-05,88548.0,2019-11-01 23:00:00
2412,1572645600000,5.573e-05,5.665e-05,5.572e-05,5.605e-05,21559.0,2019-11-01 22:00:00
2413,1572642000000,5.555e-05,5.588e-05,5.548e-05,5.569e-05,10331.0,2019-11-01 21:00:00
2414,1572638400000,5.563e-05,5.584e-05,5.537e-05,5.555e-05,1494.0,2019-11-01 20:00:00
2415,1572634800000,5.569e-05,5.569e-05,5.511e-05,5.538e-05,3762.0,2019-11-01 19:00:00
2416,1572631200000,5.54e-05,5.578e-05,5.54e-05,5.569e-05,8200.0,2019-11-01 18:00:00
2417,1572627600000,5.541e-05,5.542e-05,5.477e-05,5.54e-05,9556.0,2019-11-01 17:00:00
2418,1572624000000,5.532e-05,5.542e-05,5.507e-05,5.542e-05,6059.0,2019-11-01 16:00:00
2419,1572620400000,5.556e-05,5.566e-05,5.5e-05,5.53e-05,13253.0,2019-11-01 15:00:00
2420,1572616800000,5.564e-05,5.568e-05,5.479e-05,5.54e-05,8919.0,2019-11-01 14:00:00
2421,1572613200000,5.553e-05,5.571e-05,5.519e-05,5.559e-05,17649.0,2019-11-01 13:00:00
2422,1572609600000,5.561e-05,5.624e-05,5.537e-05,5.551e-05,6831.0,2019-11-01 12:00:00
2423,1572606000000,5.572e-05,5.578e-05,5.532e-05,5.569e-05,11116.0,2019-11-01 11:00:00
2424,1572602400000,5.589e-05,5.611e-05,5.571e-05,5.572e-05,1206.0,2019-11-01 10:00:00
2425,1572598800000,5.566e-05,5.589e-05,5.547e-05,5.589e-05,2727.0,2019-11-01 09:00:00
2426,1572595200000,5.57e-05,5.623e-05,5.547e-05,5.593e-05,9985.0,2019-11-01 08:00:00
2427,1572591600000,5.569e-05,5.596e-05,5.538e-05,5.57e-05,9286.0,2019-11-01 07:00:00
2428,1572588000000,5.588e-05,5.594e-05,5.544e-05,5.573e-05,7656.0,2019-11-01 06:00:00
2429,1572584400000,5.575e-05,5.587e-05,5.56e-05,5.568e-05,3809.0,2019-11-01 05:00:00
2430,1572580800000,5.582e-05,5.595e-05,5.563e-05,5.577e-05,3064.0,2019-11-01 04:00:00
2431,1572577200000,5.57e-05,5.602e-05,5.54e-05,5.54e-05,7147.0,2019-11-01 03:00:00
2432,1572573600000,5.567e-05,5.602e-05,5.54e-05,5.54e-05,5119.0,2019-11-01 02:00:00
2433,1572570000000,5.595e-05,5.595e-05,5.566e-05,5.581e-05,629.0,2019-11-01 01:00:00
2434,1572566400000,5.573e-05,5.617e-05,5.564e-05,5.594e-05,6160.0,2019-11-01 00:00:00
2435,1572562800000,5.578e-05,5.599e-05,5.556e-05,5.596e-05,6814.0,2019-10-31 23:00:00
2436,1572559200000,5.609e-05,5.635e-05,5.574e-05,5.576e-05,6684.0,2019-10-31 22:00:00
2437,1572555600000,5.6e-05,5.649e-05,5.572e-05,5.573e-05,4411.0,2019-10-31 21:00:00
2438,1572552000000,5.563e-05,5.6e-05,5.563e-05,5.578e-05,2026.0,2019-10-31 20:00:00
2439,1572548400000,5.556e-05,5.57e-05,5.524e-05,5.563e-05,3335.0,2019-10-31 19:00:00
2440,1572544800000,5.524e-05,5.585e-05,5.524e-05,5.546e-05,6655.0,2019-10-31 18:00:00
2441,1572541200000,5.539e-05,5.541e-05,5.514e-05,5.537e-05,3010.0,2019-10-31 17:00:00
2442,1572537600000,5.555e-05,5.562e-05,5.5e-05,5.515e-05,6239.0,2019-10-31 16:00:00
2443,1572534000000,5.559e-05,5.59e-05,5.546e-05,5.561e-05,5877.0,2019-10-31 15:00:00
2444,1572530400000,5.503e-05,5.568e-05,5.503e-05,5.545e-05,9086.0,2019-10-31 14:00:00
2445,1572526800000,5.509e-05,5.528e-05,5.465e-05,5.502e-05,2792.0,2019-10-31 13:00:00
2446,1572523200000,5.546e-05,5.563e-05,5.417e-05,5.503e-05,10555.0,2019-10-31 12:00:00
2447,1572519600000,5.513e-05,5.571e-05,5.472e-05,5.545e-05,11819.0,2019-10-31 11:00:00
2448,1572516000000,5.568e-05,5.629e-05,5.506e-05,5.513e-05,5444.0,2019-10-31 10:00:00
2449,1572512400000,5.565e-05,5.578e-05,5.542e-05,5.55e-05,2180.0,2019-10-31 09:00:00
2450,1572508800000,5.585e-05,5.62e-05,5.555e-05,5.568e-05,6753.0,2019-10-31 08:00:00
2451,1572505200000,5.599e-05,5.696e-05,5.568e-05,5.59e-05,19847.0,2019-10-31 07:00:00
2452,1572501600000,5.506e-05,5.619e-05,5.482e-05,5.619e-05,26175.0,2019-10-31 06:00:00
2453,1572498000000,5.479e-05,5.521e-05,5.465e-05,5.52e-05,7958.0,2019-10-31 05:00:00
2454,1572494400000,5.487e-05,5.499e-05,5.47e-05,5.48e-05,5285.0,2019-10-31 04:00:00
2455,1572490800000,5.447e-05,5.493e-05,5.424e-05,5.482e-05,16923.0,2019-10-31 03:00:00
2456,1572487200000,5.509e-05,5.544e-05,5.446e-05,5.447e-05,14560.0,2019-10-31 02:00:00
2457,1572483600000,5.529e-05,5.619e-05,5.5e-05,5.532e-05,9754.0,2019-10-31 01:00:00
2458,1572480000000,5.503e-05,5.525e-05,5.476e-05,5.525e-05,5805.0,2019-10-31 00:00:00
2459,1572476400000,5.524e-05,5.525e-05,5.502e-05,5.525e-05,4080.0,2019-10-30 23:00:00
2460,1572472800000,5.526e-05,5.527e-05,5.5e-05,5.525e-05,2934.0,2019-10-30 22:00:00
2461,1572469200000,5.496e-05,5.526e-05,5.491e-05,5.508e-05,2241.0,2019-10-30 21:00:00
2462,1572465600000,5.512e-05,5.527e-05,5.504e-05,5.527e-05,1056.0,2019-10-30 20:00:00
2463,1572462000000,5.535e-05,5.535e-05,5.492e-05,5.492e-05,1460.0,2019-10-30 19:00:00
2464,1572458400000,5.537e-05,5.553e-05,5.532e-05,5.553e-05,3444.0,2019-10-30 18:00:00
2465,1572454800000,5.529e-05,5.538e-05,5.52e-05,5.537e-05,1802.0,2019-10-30 17:00:00
2466,1572451200000,5.489e-05,5.538e-05,5.473e-05,5.521e-05,10820.0,2019-10-30 16:00:00
2467,1572447600000,5.558e-05,5.558e-05,5.473e-05,5.473e-05,11156.0,2019-10-30 15:00:00
2468,1572444000000,5.578e-05,5.587e-05,5.512e-05,5.541e-05,5583.0,2019-10-30 14:00:00
2469,1572440400000,5.579e-05,5.589e-05,5.544e-05,5.572e-05,5909.0,2019-10-30 13:00:00
2470,1572436800000,5.543e-05,5.642e-05,5.504e-05,5.578e-05,11475.0,2019-10-30 12:00:00
2471,1572433200000,5.542e-05,5.568e-05,5.504e-05,5.555e-05,7987.0,2019-10-30 11:00:00
2472,1572429600000,5.589e-05,5.646e-05,5.538e-05,5.54e-05,10316.0,2019-10-30 10:00:00
2473,1572426000000,5.56e-05,5.605e-05,5.517e-05,5.571e-05,11574.0,2019-10-30 09:00:00
2474,1572422400000,5.591e-05,5.594e-05,5.591e-05,5.593e-05,2390.0,2019-10-30 08:00:00
2475,1572418800000,5.554e-05,5.587e-05,5.509e-05,5.569e-05,16324.0,2019-10-30 07:00:00
2476,1572415200000,5.587e-05,5.596e-05,5.498e-05,5.57e-05,13287.0,2019-10-30 06:00:00
2477,1572411600000,5.599e-05,5.6e-05,5.562e-05,5.596e-05,6379.0,2019-10-30 05:00:00
2478,1572408000000,5.572e-05,5.598e-05,5.571e-05,5.598e-05,1057.0,2019-10-30 04:00:00
2479,1572404400000,5.649e-05,5.688e-05,5.572e-05,5.591e-05,9986.0,2019-10-30 03:00:00
2480,1572400800000,5.597e-05,5.739e-05,5.567e-05,5.648e-05,19518.0,2019-10-30 02:00:00
2481,1572397200000,5.536e-05,5.59e-05,5.524e-05,5.59e-05,5330.0,2019-10-30 01:00:00
2482,1572393600000,5.539e-05,5.562e-05,5.507e-05,5.52e-05,2529.0,2019-10-30 00:00:00
2483,1572390000000,5.522e-05,5.538e-05,5.519e-05,5.536e-05,1179.0,2019-10-29 23:00:00
2484,1572386400000,5.509e-05,5.538e-05,5.482e-05,5.482e-05,2505.0,2019-10-29 22:00:00
2485,1572382800000,5.517e-05,5.517e-05,5.482e-05,5.508e-05,608.0,2019-10-29 21:00:00
2486,1572379200000,5.597e-05,5.597e-05,5.477e-05,5.512e-05,9807.0,2019-10-29 20:00:00
2487,1572375600000,5.563e-05,5.647e-05,5.563e-05,5.6e-05,13123.0,2019-10-29 19:00:00
2488,1572372000000,5.573e-05,5.587e-05,5.505e-05,5.546e-05,3001.0,2019-10-29 18:00:00
2489,1572368400000,5.536e-05,5.592e-05,5.536e-05,5.592e-05,2924.0,2019-10-29 17:00:00
2490,1572364800000,5.553e-05,5.577e-05,5.535e-05,5.539e-05,6189.0,2019-10-29 16:00:00
2491,1572361200000,5.56e-05,5.566e-05,5.534e-05,5.546e-05,9670.0,2019-10-29 15:00:00
2492,1572357600000,5.545e-05,5.571e-05,5.537e-05,5.537e-05,2754.0,2019-10-29 14:00:00
2493,1572354000000,5.542e-05,5.58e-05,5.534e-05,5.534e-05,6074.0,2019-10-29 13:00:00
2494,1572350400000,5.519e-05,5.569e-05,5.519e-05,5.541e-05,2332.0,2019-10-29 12:00:00
2495,1572346800000,5.553e-05,5.558e-05,5.514e-05,5.548e-05,4615.0,2019-10-29 11:00:00
